time	V(input_bode)	V(out)	V(out_fs)	V(out_preamp)
0.000000000000000e+00	0.000000e+00	4.000000e-08	0.000000e+00	0.000000e+00
8.002667555851951e-10	0.000000e+00	4.000000e-08	0.000000e+00	0.000000e+00
8.052684228076026e-10	5.426235e-07	4.000000e-08	1.256287e-11	-8.961576e-09
8.152717572524175e-10	2.575013e-06	4.000000e-08	2.806239e-10	-7.272795e-08
8.352784261420474e-10	1.103977e-05	4.000000e-08	2.358012e-09	-3.897549e-07
8.502834278092698e-10	2.008712e-05	4.000000e-08	5.590004e-09	-7.872759e-07
8.622874291430478e-10	2.844614e-05	4.000000e-08	1.485478e-08	-1.435479e-06
8.782927642547517e-10	4.055468e-05	4.000000e-08	4.105219e-08	-2.644829e-06
9.003001000333445e-10	5.843892e-05	4.000000e-08	9.612634e-08	-4.705256e-06
9.227075691897300e-10	7.696966e-05	4.000000e-08	2.366109e-07	-7.906435e-06
9.503167722574193e-10	9.939997e-05	4.000000e-08	5.046020e-07	-1.266859e-05
9.623207735911976e-10	1.088986e-04	4.000000e-08	6.972853e-07	-1.523916e-05
9.783261087029019e-10	1.211800e-04	4.000000e-08	1.027394e-06	-1.900976e-05
1.000333444481494e-09	1.375776e-04	4.000000e-08	1.568462e-06	-2.457160e-05
1.009936645548516e-09	1.450563e-04	4.000000e-08	1.888449e-06	-2.732056e-05
1.022740913637880e-09	1.559341e-04	4.000000e-08	2.394822e-06	-3.127407e-05
1.050350116705569e-09	1.817649e-04	4.000000e-08	3.654624e-06	-4.040218e-05
1.054351450483492e-09	1.859103e-04	4.000000e-08	3.884033e-06	-4.189148e-05
1.062354118039340e-09	1.945933e-04	4.000000e-08	4.371902e-06	-4.497730e-05
1.078359453151034e-09	2.138673e-04	4.000000e-08	5.471979e-06	-5.161182e-05
1.100366788929643e-09	2.431499e-04	4.000000e-08	7.151931e-06	-6.135905e-05
1.122774258086015e-09	2.739766e-04	4.000000e-08	9.368398e-06	-7.306033e-05
1.150383461153718e-09	3.115447e-04	4.000000e-08	1.253038e-05	-8.881304e-05
1.162387462487666e-09	3.274998e-04	4.000000e-08	1.420260e-05	-9.648129e-05
1.178392797599597e-09	3.481351e-04	4.000000e-08	1.667722e-05	-1.072685e-04
1.200400133377793e-09	3.756942e-04	4.000000e-08	2.036223e-05	-1.227197e-04
1.210003334444951e-09	3.873426e-04	4.000000e-08	2.222660e-05	-1.299731e-04
1.222807602534496e-09	4.023974e-04	4.000000e-08	2.493633e-05	-1.400219e-04
1.250416805601867e-09	4.336145e-04	4.000000e-08	3.124078e-05	-1.624344e-04
1.262420806931556e-09	4.465855e-04	4.000000e-08	3.442606e-05	-1.728316e-04
1.278426142037808e-09	4.632296e-04	4.000000e-08	3.902064e-05	-1.871315e-04
1.300433477825942e-09	4.852841e-04	4.000000e-08	4.573357e-05	-2.072720e-04
1.322840946974694e-09	5.065039e-04	4.000000e-08	5.367848e-05	-2.289796e-04
1.350450150050017e-09	5.311837e-04	4.000000e-08	6.433819e-05	-2.565544e-04
1.354451483860657e-09	5.349758e-04	4.000000e-08	6.604139e-05	-2.606955e-04
1.362454151481938e-09	5.430949e-04	4.000000e-08	6.953745e-05	-2.690732e-04
1.378459486724499e-09	5.619351e-04	4.000000e-08	7.689932e-05	-2.862538e-04
1.400466822274092e-09	5.916312e-04	4.000000e-08	8.750785e-05	-3.104619e-04
1.422874291613677e-09	6.242627e-04	4.000000e-08	9.966027e-05	-3.368579e-04
1.450483494498166e-09	6.656367e-04	4.000000e-08	1.156900e-04	-3.707610e-04
1.478492825447646e-09	7.067528e-04	4.000000e-08	1.340842e-04	-4.077838e-04
1.503701233116467e-09	7.423376e-04	4.000000e-08	1.518292e-04	-4.424343e-04
1.522907631481824e-09	7.683798e-04	4.000000e-08	1.667502e-04	-4.702551e-04
1.550516838946316e-09	8.044512e-04	4.000000e-08	1.893687e-04	-5.113232e-04
1.562520896810404e-09	8.213803e-04	4.000000e-08	2.000413e-04	-5.299398e-04
1.578526307295854e-09	8.470517e-04	4.000000e-08	2.149071e-04	-5.554223e-04
1.600533511170390e-09	8.863212e-04	4.000000e-08	2.360657e-04	-5.912382e-04
1.650550183394465e-09	9.780868e-04	4.000000e-08	2.901430e-04	-6.793027e-04
1.662552828000801e-09	1.000353e-03	4.000000e-08	3.044234e-04	-7.018120e-04
1.700566855618540e-09	1.074505e-03	4.000000e-08	3.523250e-04	-7.758729e-04
1.710168971303609e-09	1.094147e-03	4.000000e-08	3.653386e-04	-7.955285e-04
1.722971792217035e-09	1.121270e-03	4.000000e-08	3.833171e-04	-8.223991e-04
1.750583527842615e-09	1.182219e-03	4.000000e-08	4.233695e-04	-8.817081e-04
1.778668841024817e-09	1.243780e-03	4.000000e-08	4.678409e-04	-9.458771e-04
1.800600200066689e-09	1.290325e-03	4.000000e-08	5.041340e-04	-9.974847e-04
1.823068450612451e-09	1.338986e-03	4.000000e-08	5.441822e-04	-1.052961e-03
1.854357714399934e-09	1.409755e-03	4.000000e-08	6.028244e-04	-1.132799e-03
1.876802767054953e-09	1.462788e-03	4.000000e-08	6.482938e-04	-1.193124e-03
1.900633544514839e-09	1.520783e-03	4.000000e-08	6.983561e-04	-1.258773e-03
1.921582260326189e-09	1.570996e-03	4.000000e-08	7.454581e-04	-1.319162e-03
1.950650216738913e-09	1.637949e-03	4.000000e-08	8.136528e-04	-1.405228e-03
1.965015050438125e-09	1.669584e-03	4.000000e-08	8.495073e-04	-1.449356e-03
2.000666888962988e-09	1.743549e-03	4.000000e-08	9.423862e-04	-1.561428e-03
2.012158755922357e-09	1.766082e-03	4.000000e-08	9.741507e-04	-1.598660e-03
2.053748059042894e-09	1.841970e-03	4.000000e-08	1.094687e-03	-1.736325e-03
2.072135046177886e-09	1.872817e-03	4.000000e-08	1.151785e-03	-1.798984e-03
2.100700233411137e-09	1.917820e-03	4.000000e-08	1.243476e-03	-1.897561e-03
2.115409823119130e-09	1.939556e-03	4.000000e-08	1.293309e-03	-1.949309e-03
2.154639462890677e-09	1.993090e-03	4.000000e-08	1.431741e-03	-2.089110e-03
2.178174806423465e-09	2.022169e-03	4.000000e-08	1.520283e-03	-2.174555e-03
2.203871623663659e-09	2.051731e-03	4.000000e-08	1.620006e-03	-2.268601e-03
2.222699898489890e-09	2.071738e-03	4.000000e-08	1.696773e-03	-2.338315e-03
2.255751917305768e-09	2.104017e-03	4.000000e-08	1.836038e-03	-2.461526e-03
2.304768256085362e-09	2.145270e-03	4.000000e-08	2.056913e-03	-2.646431e-03
2.328776258752918e-09	2.162743e-03	4.000000e-08	2.171690e-03	-2.737738e-03
2.353984661553851e-09	2.179475e-03	4.000000e-08	2.295352e-03	-2.833876e-03
2.373191063687896e-09	2.190951e-03	4.000000e-08	2.393501e-03	-2.907382e-03
2.400800266755585e-09	2.205857e-03	4.000000e-08	2.537734e-03	-3.013190e-03
2.412804268089364e-09	2.213162e-03	4.000000e-08	2.602628e-03	-3.059298e-03
2.428809603201068e-09	2.225216e-03	4.000000e-08	2.690737e-03	-3.120932e-03
2.460420140046683e-09	2.254135e-03	4.000000e-08	2.868797e-03	-3.243174e-03
2.500833611203735e-09	2.297105e-03	4.000000e-08	3.107047e-03	-3.401221e-03
2.550850283427809e-09	2.349386e-03	4.000000e-08	3.418090e-03	-3.599848e-03
2.560453484494826e-09	2.359828e-03	4.000000e-08	3.480015e-03	-3.638377e-03
2.573257752584182e-09	2.375522e-03	4.000000e-08	3.563805e-03	-3.690035e-03
2.600866955651884e-09	2.414010e-03	4.000000e-08	3.746940e-03	-3.802042e-03
2.650883627875959e-09	2.489466e-03	4.000000e-08	4.093894e-03	-4.009310e-03
2.673291097032660e-09	2.522329e-03	4.000000e-08	4.255907e-03	-4.104077e-03
2.704901633876606e-09	2.565897e-03	4.000000e-08	4.489398e-03	-4.239061e-03
2.728909636536043e-09	2.596225e-03	4.000000e-08	4.672775e-03	-4.342992e-03
2.754118039345366e-09	2.625840e-03	4.000000e-08	4.868775e-03	-4.452817e-03
2.773324441472915e-09	2.646579e-03	4.000000e-08	5.022446e-03	-4.537254e-03
2.804934978358586e-09	2.677823e-03	4.000000e-08	5.280039e-03	-4.676906e-03
2.828942981221003e-09	2.698962e-03	4.000000e-08	5.481916e-03	-4.783729e-03
2.854151383820580e-09	2.719204e-03	4.000000e-08	5.697432e-03	-4.896230e-03
2.873357786110514e-09	2.733088e-03	4.000000e-08	5.866067e-03	-4.982274e-03
2.904968321994814e-09	2.753533e-03	4.000000e-08	6.148370e-03	-5.124135e-03
2.940122897440798e-09	2.772150e-03	4.000000e-08	6.472405e-03	-5.282735e-03
2.975277472886783e-09	2.787871e-03	4.000000e-08	6.806026e-03	-5.440834e-03
3.010432048332767e-09	2.800695e-03	4.000000e-08	7.149232e-03	-5.598432e-03
3.045586623778752e-09	2.810623e-03	4.000000e-08	7.502022e-03	-5.755530e-03
3.080741199224736e-09	2.817654e-03	4.000000e-08	7.864397e-03	-5.912127e-03
3.115895774670721e-09	2.821788e-03	4.000000e-08	8.236357e-03	-6.068223e-03
3.151050350116706e-09	2.823026e-03	4.000000e-08	8.617902e-03	-6.223819e-03
3.160652473679309e-09	2.823833e-03	4.000000e-08	8.723930e-03	-6.265983e-03
3.173455305096114e-09	2.826120e-03	4.000000e-08	8.866587e-03	-6.322107e-03
3.201067022340780e-09	2.834224e-03	4.000000e-08	9.176837e-03	-6.442992e-03
3.213103348807119e-09	2.839311e-03	4.000000e-08	9.314435e-03	-6.495608e-03
3.229151784095571e-09	2.847794e-03	4.000000e-08	9.499591e-03	-6.565791e-03
3.251083694564856e-09	2.861541e-03	4.000000e-08	9.754500e-03	-6.661756e-03
3.304843099506367e-09	2.895676e-03	4.000000e-08	1.039611e-02	-6.897754e-03
3.329576698373992e-09	2.909535e-03	4.000000e-08	1.069846e-02	-7.006802e-03
3.354310297241617e-09	2.921879e-03	4.000000e-08	1.100531e-02	-7.115729e-03
3.379043896109242e-09	2.932708e-03	4.000000e-08	1.131667e-02	-7.224535e-03
3.403777494976868e-09	2.942022e-03	4.000000e-08	1.163255e-02	-7.333220e-03
3.428511093844493e-09	2.949821e-03	4.000000e-08	1.195293e-02	-7.441783e-03
3.453244692712118e-09	2.956105e-03	4.000000e-08	1.227782e-02	-7.550226e-03
3.477978291579743e-09	2.960874e-03	4.000000e-08	1.260722e-02	-7.658548e-03
3.510365195611602e-09	2.965404e-03	4.000000e-08	1.304443e-02	-7.799649e-03
3.587648803402809e-09	2.964468e-03	4.000000e-08	1.412308e-02	-8.135369e-03
3.664932411194016e-09	2.956967e-03	4.000000e-08	1.523973e-02	-8.462463e-03
3.742216018985223e-09	2.942901e-03	4.000000e-08	1.639440e-02	-8.780931e-03
3.819499626776430e-09	2.922269e-03	4.000000e-08	1.758707e-02	-9.090772e-03
3.896783234567637e-09	2.895072e-03	4.000000e-08	1.881775e-02	-9.391987e-03
3.974066842358843e-09	2.861310e-03	4.000000e-08	2.008644e-02	-9.684576e-03
4.051350450150050e-09	2.820983e-03	4.000000e-08	2.139313e-02	-9.968539e-03
4.063354451488283e-09	2.816811e-03	4.000000e-08	2.159858e-02	-1.001135e-02
4.079359786605926e-09	2.815108e-03	4.000000e-08	2.187371e-02	-1.006821e-02
4.101367122374125e-09	2.817705e-03	4.000000e-08	2.225333e-02	-1.014619e-02
4.109083980369320e-09	2.819527e-03	4.000000e-08	2.238736e-02	-1.017345e-02
4.116800838364515e-09	2.821439e-03	4.000000e-08	2.252164e-02	-1.020069e-02
4.124517696359710e-09	2.823440e-03	4.000000e-08	2.265618e-02	-1.022793e-02
4.132234554354905e-09	2.825532e-03	4.000000e-08	2.279097e-02	-1.025516e-02
4.139951412350101e-09	2.827713e-03	4.000000e-08	2.292602e-02	-1.028237e-02
4.147668270345296e-09	2.829984e-03	4.000000e-08	2.306132e-02	-1.030958e-02
4.155385128340491e-09	2.832345e-03	4.000000e-08	2.319689e-02	-1.033677e-02
4.173105321645937e-09	2.837423e-03	4.000000e-08	2.350961e-02	-1.039922e-02
4.190825514951382e-09	2.841986e-03	4.000000e-08	2.382392e-02	-1.046155e-02
4.208545708256828e-09	2.846034e-03	4.000000e-08	2.413981e-02	-1.052377e-02
4.226265901562274e-09	2.849567e-03	4.000000e-08	2.445727e-02	-1.058587e-02
4.243986094867720e-09	2.852584e-03	4.000000e-08	2.477631e-02	-1.064786e-02
4.261706288173165e-09	2.855085e-03	4.000000e-08	2.509693e-02	-1.070973e-02
4.279426481478611e-09	2.857071e-03	4.000000e-08	2.541912e-02	-1.077149e-02
4.451483827942648e-09	2.851569e-03	4.000000e-08	2.862354e-02	-1.135929e-02
4.501500500166722e-09	2.846839e-03	4.000000e-08	2.958074e-02	-1.152517e-02
4.511104883537424e-09	2.847228e-03	4.000000e-08	2.976592e-02	-1.155677e-02
4.523910728031692e-09	2.849954e-03	4.000000e-08	3.001356e-02	-1.159886e-02
4.551517172390796e-09	2.861615e-03	4.000000e-08	3.054891e-02	-1.168959e-02
4.559118355364651e-09	2.865715e-03	4.000000e-08	3.069714e-02	-1.171462e-02
4.566719538338506e-09	2.869839e-03	4.000000e-08	3.084558e-02	-1.173966e-02
4.574320721312360e-09	2.873987e-03	4.000000e-08	3.099421e-02	-1.176472e-02
4.581921904286215e-09	2.878160e-03	4.000000e-08	3.114303e-02	-1.178980e-02
4.589523087260070e-09	2.882357e-03	4.000000e-08	3.129206e-02	-1.181490e-02
4.597124270233924e-09	2.886578e-03	4.000000e-08	3.144128e-02	-1.184002e-02
4.604725453207779e-09	2.890823e-03	4.000000e-08	3.159070e-02	-1.186515e-02
4.655835603499853e-09	2.916215e-03	4.000000e-08	3.260272e-02	-1.203475e-02
4.702588120628051e-09	2.933905e-03	4.000000e-08	3.353843e-02	-1.219122e-02
4.749340637756247e-09	2.947929e-03	4.000000e-08	3.448314e-02	-1.234673e-02
4.796093154884445e-09	2.958287e-03	4.000000e-08	3.543684e-02	-1.250127e-02
4.842845672012641e-09	2.964979e-03	4.000000e-08	3.639954e-02	-1.265486e-02
4.889598189140839e-09	2.968006e-03	4.000000e-08	3.737123e-02	-1.280749e-02
4.936350706269036e-09	2.967367e-03	4.000000e-08	3.835192e-02	-1.295915e-02
4.983103223397233e-09	2.963062e-03	4.000000e-08	3.934161e-02	-1.310986e-02
5.050062373258219e-09	2.952446e-03	4.000000e-08	4.077505e-02	-1.332201e-02
5.117021523119207e-09	2.938864e-03	4.000000e-08	4.222285e-02	-1.352860e-02
5.183980672980193e-09	2.922316e-03	4.000000e-08	4.368502e-02	-1.372961e-02
5.250939822841181e-09	2.902804e-03	4.000000e-08	4.516156e-02	-1.392504e-02
5.317898972702167e-09	2.880326e-03	4.000000e-08	4.665247e-02	-1.411491e-02
5.384858122563155e-09	2.854883e-03	4.000000e-08	4.815775e-02	-1.429920e-02
5.451817272424141e-09	2.826474e-03	4.000000e-08	4.967739e-02	-1.447792e-02
5.463396261237730e-09	2.822982e-03	4.000000e-08	4.994103e-02	-1.450804e-02
5.478834912989183e-09	2.821069e-03	4.000000e-08	5.029306e-02	-1.454802e-02
5.511097135699087e-09	2.823785e-03	4.000000e-08	5.103007e-02	-1.463124e-02
5.523448057100249e-09	2.826805e-03	4.000000e-08	5.131305e-02	-1.466302e-02
5.551850616872290e-09	2.836357e-03	4.000000e-08	5.196464e-02	-1.473610e-02
5.605819583944738e-09	2.856327e-03	4.000000e-08	5.320813e-02	-1.487539e-02
5.624547115395685e-09	2.862610e-03	4.000000e-08	5.364112e-02	-1.492389e-02
5.643274646846632e-09	2.868342e-03	4.000000e-08	5.407489e-02	-1.497236e-02
5.662002178297579e-09	2.873523e-03	4.000000e-08	5.450942e-02	-1.502082e-02
5.680729709748526e-09	2.878154e-03	4.000000e-08	5.494473e-02	-1.506925e-02
5.699457241199473e-09	2.882233e-03	4.000000e-08	5.538081e-02	-1.511766e-02
5.718184772650420e-09	2.885762e-03	4.000000e-08	5.581766e-02	-1.516604e-02
5.736912304101367e-09	2.888739e-03	4.000000e-08	5.625528e-02	-1.521440e-02
5.901967322440814e-09	2.895570e-03	4.000000e-08	6.014323e-02	-1.563440e-02
5.911570523507838e-09	2.896006e-03	4.000000e-08	6.037118e-02	-1.565838e-02
5.924374791597204e-09	2.898530e-03	4.000000e-08	6.067543e-02	-1.569034e-02
5.955985328442795e-09	2.911087e-03	4.000000e-08	6.142746e-02	-1.576930e-02
5.979993331110227e-09	2.924878e-03	4.000000e-08	6.200012e-02	-1.582962e-02
6.002000666888963e-09	2.939421e-03	4.000000e-08	6.252570e-02	-1.588515e-02
6.056018672891456e-09	2.974840e-03	4.000000e-08	6.382000e-02	-1.602327e-02
6.080026675561965e-09	2.989037e-03	4.000000e-08	6.439716e-02	-1.608539e-02
6.105235078359846e-09	3.002812e-03	4.000000e-08	6.500405e-02	-1.615087e-02
6.124441480496254e-09	3.012338e-03	4.000000e-08	6.546752e-02	-1.620104e-02
6.156052017327298e-09	3.026455e-03	4.000000e-08	6.623150e-02	-1.628385e-02
6.180060019923967e-09	3.035769e-03	4.000000e-08	6.681331e-02	-1.634696e-02
6.205268422798150e-09	3.044484e-03	4.000000e-08	6.742509e-02	-1.641331e-02
6.250083360978599e-09	3.057081e-03	4.000000e-08	6.851606e-02	-1.653138e-02
6.264659648332726e-09	3.060431e-03	4.000000e-08	6.887179e-02	-1.656978e-02
6.279235935686852e-09	3.063467e-03	4.000000e-08	6.922790e-02	-1.660814e-02
6.293812223040979e-09	3.066189e-03	4.000000e-08	6.958442e-02	-1.664644e-02
6.308388510395105e-09	3.068598e-03	4.000000e-08	6.994133e-02	-1.668470e-02
6.322964797749232e-09	3.070694e-03	4.000000e-08	7.029864e-02	-1.672291e-02
6.337541085103358e-09	3.072476e-03	4.000000e-08	7.065634e-02	-1.676106e-02
6.352117372457485e-09	3.073944e-03	4.000000e-08	7.101443e-02	-1.679917e-02
6.356118699430247e-09	3.074305e-03	6.666003e-02	7.111284e-02	-1.680961e-02
6.364121353375770e-09	3.074965e-03	2.666400e-01	7.130974e-02	-1.683046e-02
6.380126661266817e-09	3.075988e-03	3.999600e-01	7.170389e-02	-1.687208e-02
6.452150716905636e-09	3.077014e-03	3.999600e-01	7.348272e-02	-1.705795e-02
6.480161196618739e-09	3.077454e-03	3.999600e-01	7.417721e-02	-1.712940e-02
6.502167389129711e-09	3.078718e-03	3.999600e-01	7.472350e-02	-1.718535e-02
6.511770982174204e-09	3.080392e-03	3.999600e-01	7.496226e-02	-1.720970e-02
6.524575772900193e-09	3.084792e-03	3.999600e-01	7.528088e-02	-1.724219e-02
6.552184061353785e-09	3.099961e-03	3.999600e-01	7.596843e-02	-1.731237e-02
6.559786147557592e-09	3.105010e-03	3.999600e-01	7.615807e-02	-1.733182e-02
6.567388233761401e-09	3.110083e-03	3.999600e-01	7.634778e-02	-1.735131e-02
6.574990319965208e-09	3.115178e-03	3.999600e-01	7.653756e-02	-1.737083e-02
6.582592406169015e-09	3.120296e-03	3.999600e-01	7.672742e-02	-1.739040e-02
6.590194492372823e-09	3.125438e-03	3.999600e-01	7.691736e-02	-1.740999e-02
6.597796578576631e-09	3.130602e-03	3.999600e-01	7.710736e-02	-1.742963e-02
6.605398664780439e-09	3.135790e-03	3.999600e-01	7.729744e-02	-1.744930e-02
6.652217405801935e-09	3.165056e-03	3.999600e-01	7.847051e-02	-1.757157e-02
6.664503630914296e-09	3.173624e-03	3.999600e-01	7.877903e-02	-1.760396e-02
6.680885264397443e-09	3.187708e-03	3.999600e-01	7.919078e-02	-1.764741e-02
6.705510404722639e-09	3.212767e-03	3.999600e-01	7.981030e-02	-1.771319e-02
6.725168364902415e-09	3.234896e-03	3.999600e-01	8.030586e-02	-1.776662e-02
6.753994293799352e-09	3.269148e-03	3.999600e-01	8.103342e-02	-1.784584e-02
6.778403903489097e-09	3.297666e-03	3.999600e-01	8.165098e-02	-1.791436e-02
6.805057092152986e-09	3.327422e-03	3.999600e-01	8.232629e-02	-1.799006e-02
6.821795110225954e-09	3.345004e-03	3.999600e-01	8.275129e-02	-1.803835e-02
6.856747566184357e-09	3.379036e-03	3.999600e-01	8.364028e-02	-1.814021e-02
6.883528395101106e-09	3.402503e-03	3.999600e-01	8.432339e-02	-1.821943e-02
6.905871544111208e-09	3.420626e-03	3.999600e-01	8.489419e-02	-1.828596e-02
6.927296207244607e-09	3.436527e-03	3.999600e-01	8.544290e-02	-1.835034e-02
6.955174060897502e-09	3.455485e-03	3.999600e-01	8.615798e-02	-1.843449e-02
6.972313791404221e-09	3.466057e-03	3.999600e-01	8.659875e-02	-1.848656e-02
7.006904706172248e-09	3.485226e-03	3.999600e-01	8.748995e-02	-1.859203e-02
7.109486175528197e-09	3.518806e-03	3.999600e-01	9.015398e-02	-1.891338e-02
7.212067644884146e-09	3.540141e-03	3.999600e-01	9.283839e-02	-1.922688e-02
7.314649114240095e-09	3.549229e-03	3.999600e-01	9.554318e-02	-1.953251e-02
7.417230583596043e-09	3.546071e-03	3.999600e-01	9.826835e-02	-1.983028e-02
7.519812052951994e-09	3.530667e-03	3.999600e-01	1.010139e-01	-2.012019e-02
7.622393522307941e-09	3.503017e-03	3.999600e-01	1.037798e-01	-2.040223e-02
7.724974991663891e-09	3.463121e-03	3.999600e-01	1.065661e-01	-2.067642e-02
7.752584194731576e-09	3.453226e-03	3.999600e-01	1.073165e-01	-2.074667e-02
7.764588196065327e-09	3.449266e-03	3.999600e-01	1.076430e-01	-2.077683e-02
7.780593531176995e-09	3.444799e-03	3.999600e-01	1.080787e-01	-2.081678e-02
7.802600866955652e-09	3.439694e-03	3.999600e-01	1.086779e-01	-2.087145e-02
7.812204068022653e-09	3.438675e-03	3.999600e-01	1.089396e-01	-2.089510e-02
7.825008336111987e-09	3.439500e-03	3.999600e-01	1.092886e-01	-2.092658e-02
7.852617539179727e-09	3.447001e-03	3.999600e-01	1.100414e-01	-2.099440e-02
7.864621540514153e-09	3.452548e-03	3.999600e-01	1.103690e-01	-2.102394e-02
7.880626875626721e-09	3.461940e-03	3.999600e-01	1.108059e-01	-2.106347e-02
7.902634211403802e-09	3.477412e-03	3.999600e-01	1.114068e-01	-2.111802e-02
7.912237412471344e-09	3.485346e-03	3.999600e-01	1.116692e-01	-2.114203e-02
7.925041680561398e-09	3.497415e-03	3.999600e-01	1.120192e-01	-2.117429e-02
7.952650883627877e-09	3.527342e-03	3.999600e-01	1.127740e-01	-2.124437e-02
8.002667555851952e-09	3.583682e-03	3.999600e-01	1.141432e-01	-2.137489e-02
8.025075024979307e-09	3.607365e-03	3.999600e-01	1.147573e-01	-2.143484e-02
8.052684228076027e-09	3.634694e-03	3.999600e-01	1.155145e-01	-2.150946e-02
8.064688229783041e-09	3.646853e-03	3.999600e-01	1.158440e-01	-2.154235e-02
8.080693565392394e-09	3.664291e-03	3.999600e-01	1.162837e-01	-2.158658e-02
8.102700900300100e-09	3.689836e-03	3.999600e-01	1.168884e-01	-2.164781e-02
8.112304101665711e-09	3.701779e-03	3.999600e-01	1.171525e-01	-2.167492e-02
8.125108370153194e-09	3.718767e-03	3.999600e-01	1.175049e-01	-2.171143e-02
8.152717572524175e-09	3.758188e-03	3.999600e-01	1.182651e-01	-2.179090e-02
8.180726888068407e-09	3.798489e-03	3.999600e-01	1.190375e-01	-2.187372e-02
8.202734244748250e-09	3.829108e-03	3.999600e-01	1.196450e-01	-2.193965e-02
8.225141697183635e-09	3.858606e-03	3.999600e-01	1.202644e-01	-2.200819e-02
8.256752322411677e-09	3.897348e-03	3.999600e-01	1.211394e-01	-2.210614e-02
8.280760755047794e-09	3.924232e-03	3.999600e-01	1.218052e-01	-2.218190e-02
8.305968713547883e-09	3.950491e-03	3.999600e-01	1.225051e-01	-2.226214e-02
8.325175459656777e-09	3.968922e-03	3.999600e-01	1.230394e-01	-2.232403e-02
8.356783875324149e-09	3.996777e-03	3.999600e-01	1.239197e-01	-2.242658e-02
8.380781558746207e-09	4.015716e-03	3.999600e-01	1.245897e-01	-2.250523e-02
8.406000624767491e-09	4.033955e-03	3.999600e-01	1.252946e-01	-2.258827e-02
8.425198771505137e-09	4.046530e-03	3.999600e-01	1.258323e-01	-2.265186e-02
8.456860216628542e-09	4.065215e-03	3.999600e-01	1.267203e-01	-2.275707e-02
8.481115881188046e-09	4.077683e-03	3.999600e-01	1.274023e-01	-2.283799e-02
8.502834278092696e-09	4.087754e-03	3.999600e-01	1.280136e-01	-2.291054e-02
8.512536543916497e-09	4.092615e-03	3.999600e-01	1.282871e-01	-2.294300e-02
8.525472898348233e-09	4.100232e-03	3.999600e-01	1.286522e-01	-2.298638e-02
8.552850950316771e-09	4.119233e-03	3.999600e-01	1.294255e-01	-2.307837e-02
8.561883008947171e-09	4.126451e-03	3.999600e-01	1.296811e-01	-2.310888e-02
8.573925753787705e-09	4.137047e-03	3.999600e-01	1.300221e-01	-2.314972e-02
8.602867622540846e-09	4.165595e-03	3.999600e-01	1.308426e-01	-2.324833e-02
8.652884294764922e-09	4.215397e-03	3.999600e-01	1.322649e-01	-2.342147e-02
8.679860043207717e-09	4.239895e-03	3.999600e-01	1.330345e-01	-2.351618e-02
8.705983909668173e-09	4.261758e-03	3.999600e-01	1.337810e-01	-2.360842e-02
8.724481565743234e-09	4.275900e-03	3.999600e-01	1.343107e-01	-2.367420e-02
8.757850347499755e-09	4.298962e-03	3.999600e-01	1.352679e-01	-2.379334e-02
8.846889875322257e-09	4.339082e-03	3.999600e-01	1.378379e-01	-2.411952e-02
8.935929403144757e-09	4.366819e-03	3.999600e-01	1.404241e-01	-2.443983e-02
9.024968930967260e-09	4.382175e-03	3.999600e-01	1.430265e-01	-2.475427e-02
9.114008458789762e-09	4.385148e-03	3.999600e-01	1.456451e-01	-2.506283e-02
9.203047986612264e-09	4.375739e-03	3.999600e-01	1.482799e-01	-2.536551e-02
9.292087514434764e-09	4.353947e-03	3.999600e-01	1.509308e-01	-2.566232e-02
9.381127042257267e-09	4.319773e-03	3.999600e-01	1.535980e-01	-2.595326e-02
9.603201067022342e-09	4.225797e-03	3.999600e-01	1.602795e-01	-2.661712e-02
9.612804250279575e-09	4.222433e-03	3.999600e-01	1.605692e-01	-2.664409e-02
9.625608494622552e-09	4.220535e-03	3.999600e-01	1.609557e-01	-2.667991e-02
9.653217739246415e-09	4.223215e-03	3.999600e-01	1.617891e-01	-2.675692e-02
9.681228322377124e-09	4.230860e-03	3.999600e-01	1.626350e-01	-2.683482e-02
9.703234411470492e-09	4.237990e-03	3.999600e-01	1.632996e-01	-2.689603e-02
9.757248143123133e-09	4.254439e-03	3.999600e-01	1.649317e-01	-2.704633e-02
9.788556608508585e-09	4.261906e-03	3.999600e-01	1.658780e-01	-2.713365e-02
9.819865073894039e-09	4.267907e-03	3.999600e-01	1.668246e-01	-2.722056e-02
9.851173539279491e-09	4.272442e-03	3.999600e-01	1.677712e-01	-2.730707e-02
9.882482004664943e-09	4.275511e-03	3.999600e-01	1.687180e-01	-2.739317e-02
9.913790470050395e-09	4.277115e-03	3.999600e-01	1.696649e-01	-2.747888e-02
9.945098935435849e-09	4.277253e-03	3.999600e-01	1.706119e-01	-2.756419e-02
9.976407400821301e-09	4.275925e-03	3.999600e-01	1.715591e-01	-2.764909e-02
1.015338446148716e-08	4.250021e-03	3.999600e-01	1.769109e-01	-2.811327e-02
1.016750403221307e-08	4.247285e-03	3.999600e-01	1.773375e-01	-2.814900e-02
1.020340113371124e-08	4.242417e-03	3.999600e-01	1.784219e-01	-2.823923e-02
1.021469679029196e-08	4.242573e-03	3.999600e-01	1.787629e-01	-2.826740e-02
1.022975766573293e-08	4.245646e-03	3.999600e-01	1.792176e-01	-2.830494e-02
1.025341780593531e-08	4.254971e-03	3.999600e-01	1.799317e-01	-2.836393e-02
1.030343447815939e-08	4.280289e-03	3.999600e-01	1.814402e-01	-2.848938e-02
1.033717083914716e-08	4.296591e-03	3.999600e-01	1.824568e-01	-2.857471e-02
1.035730673449635e-08	4.305541e-03	3.999600e-01	1.830633e-01	-2.862581e-02
1.038044023917368e-08	4.314761e-03	3.999600e-01	1.837598e-01	-2.868471e-02
1.040655228989785e-08	4.324053e-03	3.999600e-01	1.845457e-01	-2.875129e-02
1.042505909363971e-08	4.329797e-03	3.999600e-01	1.851024e-01	-2.879854e-02
1.045841964249611e-08	4.338641e-03	3.999600e-01	1.861055e-01	-2.888373e-02
1.055774796584933e-08	4.348769e-03	3.999600e-01	1.890929e-01	-2.914058e-02
1.065707628920255e-08	4.350628e-03	3.999600e-01	1.920701e-01	-2.938907e-02
1.075640461255577e-08	4.344220e-03	3.999600e-01	1.950372e-01	-2.962918e-02
1.085573293590899e-08	4.329544e-03	3.999600e-01	1.979942e-01	-2.986093e-02
1.095506125926221e-08	4.306599e-03	3.999600e-01	2.009411e-01	-3.008431e-02
1.105438958261543e-08	4.275387e-03	3.999600e-01	2.038779e-01	-3.029933e-02
1.115371790596866e-08	4.235906e-03	3.999600e-01	2.068045e-01	-3.050598e-02
1.116572191137464e-08	4.232023e-03	3.999600e-01	2.071564e-01	-3.052974e-02
1.118172725191594e-08	4.227971e-03	3.999600e-01	2.076251e-01	-3.056122e-02
1.120373457819273e-08	4.223838e-03	3.999600e-01	2.082691e-01	-3.060427e-02
1.121333778251752e-08	4.223248e-03	3.999600e-01	2.085497e-01	-3.062290e-02
1.122614205495056e-08	4.224490e-03	3.999600e-01	2.089235e-01	-3.064772e-02
1.125375125041681e-08	4.232480e-03	3.999600e-01	2.097289e-01	-3.070122e-02
1.126135378087171e-08	4.235522e-03	3.999600e-01	2.099503e-01	-3.071599e-02
1.126895631132661e-08	4.238605e-03	3.999600e-01	2.101715e-01	-3.073079e-02
1.127655884178151e-08	4.241727e-03	3.999600e-01	2.103927e-01	-3.074561e-02
1.128416137223642e-08	4.244891e-03	3.999600e-01	2.106138e-01	-3.076044e-02
1.129176390269132e-08	4.248094e-03	3.999600e-01	2.108348e-01	-3.077530e-02
1.129936643314622e-08	4.251338e-03	3.999600e-01	2.110557e-01	-3.079017e-02
1.130696896360112e-08	4.254622e-03	3.999600e-01	2.112766e-01	-3.080507e-02
1.135778671050586e-08	4.274280e-03	3.999600e-01	2.127491e-01	-3.090529e-02
1.138179940435126e-08	4.282186e-03	3.999600e-01	2.134429e-01	-3.095294e-02
1.140700295960175e-08	4.289587e-03	3.999600e-01	2.141703e-01	-3.100305e-02
1.142621311467807e-08	4.294491e-03	3.999600e-01	2.147235e-01	-3.104131e-02
1.145780050837964e-08	4.301392e-03	3.999600e-01	2.156321e-01	-3.110424e-02
1.148169592277887e-08	4.305578e-03	3.999600e-01	2.163177e-01	-3.115182e-02
1.150702066679041e-08	4.309229e-03	3.999600e-01	2.170435e-01	-3.120220e-02
1.155162544033563e-08	4.313551e-03	3.999600e-01	2.183184e-01	-3.129060e-02
1.160386795598533e-08	4.316959e-03	3.999600e-01	2.198065e-01	-3.139346e-02
1.160742930546632e-08	4.317461e-03	3.999600e-01	2.199077e-01	-3.140044e-02
1.161455200442831e-08	4.318989e-03	3.999600e-01	2.201100e-01	-3.141441e-02
1.162879740235228e-08	4.324644e-03	3.999600e-01	2.205144e-01	-3.144243e-02
1.165388462820940e-08	4.340132e-03	3.999600e-01	2.212258e-01	-3.149195e-02
1.170390130043348e-08	4.377719e-03	3.999600e-01	2.226400e-01	-3.159266e-02
1.173581099178317e-08	4.400852e-03	3.999600e-01	2.235394e-01	-3.165841e-02
1.175756479452609e-08	4.415646e-03	3.999600e-01	2.241516e-01	-3.170368e-02
1.177944572573731e-08	4.429371e-03	3.999600e-01	2.247662e-01	-3.174976e-02
1.180685210237646e-08	4.445196e-03	3.999600e-01	2.255350e-01	-3.180784e-02
1.182435684734543e-08	4.454380e-03	3.999600e-01	2.260251e-01	-3.184528e-02
1.185861924909743e-08	4.470540e-03	3.999600e-01	2.269831e-01	-3.191894e-02
1.188662684104779e-08	4.481921e-03	3.999600e-01	2.277644e-01	-3.197956e-02
1.190770233492316e-08	4.489599e-03	3.999600e-01	2.283516e-01	-3.202530e-02
1.193010840848345e-08	4.496773e-03	3.999600e-01	2.289747e-01	-3.207407e-02
1.195697213802856e-08	4.504314e-03	3.999600e-01	2.297209e-01	-3.213261e-02
1.197489699687679e-08	4.508626e-03	3.999600e-01	2.302179e-01	-3.217170e-02
1.200878129613746e-08	4.515436e-03	3.999600e-01	2.311562e-01	-3.224557e-02
1.208078579521536e-08	4.524325e-03	3.999600e-01	2.331429e-01	-3.240191e-02
1.211321220595637e-08	4.526156e-03	3.999600e-01	2.340347e-01	-3.247187e-02
1.216906304167955e-08	4.525498e-03	3.999600e-01	2.355666e-01	-3.259197e-02
1.222491387740274e-08	4.522376e-03	3.999600e-01	2.370920e-01	-3.270974e-02
1.228076471312593e-08	4.516792e-03	3.999600e-01	2.386108e-01	-3.282519e-02
1.233661554884911e-08	4.508745e-03	3.999600e-01	2.401232e-01	-3.293831e-02
1.239246638457230e-08	4.498236e-03	3.999600e-01	2.416291e-01	-3.304910e-02
1.244831722029549e-08	4.485264e-03	3.999600e-01	2.431284e-01	-3.315756e-02
1.250416805601867e-08	4.469829e-03	3.999600e-01	2.446213e-01	-3.326369e-02
1.251377125708571e-08	4.467822e-03	3.999600e-01	2.448770e-01	-3.328153e-02
1.252657552517510e-08	4.466518e-03	3.999600e-01	2.452176e-01	-3.330521e-02
1.255418472824275e-08	4.467298e-03	3.999600e-01	2.459511e-01	-3.335611e-02
1.256618872957598e-08	4.469478e-03	3.999600e-01	2.462692e-01	-3.337817e-02
1.258219406468696e-08	4.474475e-03	3.999600e-01	2.466928e-01	-3.340764e-02
1.260420140046682e-08	4.484024e-03	3.999600e-01	2.472746e-01	-3.344824e-02
1.265421807269090e-08	4.508473e-03	3.999600e-01	2.485917e-01	-3.354158e-02
1.268222740916679e-08	4.521297e-03	3.999600e-01	2.493262e-01	-3.359452e-02
1.270743581194079e-08	4.531886e-03	3.999600e-01	2.499860e-01	-3.364240e-02
1.272664221409569e-08	4.539157e-03	3.999600e-01	2.504873e-01	-3.367911e-02
1.275825275081269e-08	4.549810e-03	3.999600e-01	2.513109e-01	-3.373971e-02
1.278226075285455e-08	4.556701e-03	3.999600e-01	2.519343e-01	-3.378590e-02
1.280746915630203e-08	4.563023e-03	3.999600e-01	2.525879e-01	-3.383446e-02
1.282667555793552e-08	4.567120e-03	3.999600e-01	2.530844e-01	-3.387149e-02
1.285828609786792e-08	4.572737e-03	3.999600e-01	2.539002e-01	-3.393241e-02
1.288229411555229e-08	4.576007e-03	3.999600e-01	2.545177e-01	-3.397860e-02
1.290750250283585e-08	4.578692e-03	3.999600e-01	2.551650e-01	-3.402702e-02
1.295231746918000e-08	4.581443e-03	3.999600e-01	2.563116e-01	-3.411267e-02
1.305978185778235e-08	4.574804e-03	3.999600e-01	2.590453e-01	-3.431786e-02
1.316724624638470e-08	4.562292e-03	3.999600e-01	2.617441e-01	-3.451328e-02
1.327471063498706e-08	4.543906e-03	3.999600e-01	2.644082e-01	-3.469893e-02
1.338217502358941e-08	4.519647e-03	3.999600e-01	2.670375e-01	-3.487481e-02
1.348963941219176e-08	4.489515e-03	3.999600e-01	2.696319e-01	-3.504092e-02
1.359710380079411e-08	4.453510e-03	3.999600e-01	2.721915e-01	-3.519727e-02
1.370456818939647e-08	4.411631e-03	3.999600e-01	2.747163e-01	-3.534385e-02
1.370856952317439e-08	4.410432e-03	3.999600e-01	2.748092e-01	-3.534899e-02
1.371657219073025e-08	4.408491e-03	3.999600e-01	2.749949e-01	-3.535923e-02
1.373257752584196e-08	4.406838e-03	3.999600e-01	2.753656e-01	-3.537963e-02
1.375458486162054e-08	4.407810e-03	3.999600e-01	2.758742e-01	-3.540758e-02
1.376418806268757e-08	4.409428e-03	3.999600e-01	2.760954e-01	-3.541975e-02
1.377699233077693e-08	4.412810e-03	3.999600e-01	2.763896e-01	-3.543603e-02
1.380460153384462e-08	4.423314e-03	3.999600e-01	2.770227e-01	-3.547127e-02
1.385461820606869e-08	4.445378e-03	3.999600e-01	2.781615e-01	-3.553628e-02
1.387702567522495e-08	4.454725e-03	3.999600e-01	2.786683e-01	-3.556593e-02
1.390463487829276e-08	4.465349e-03	3.999600e-01	2.792908e-01	-3.560273e-02
1.393264421474196e-08	4.474904e-03	3.999600e-01	2.799187e-01	-3.564049e-02
1.395785261753960e-08	4.482574e-03	3.999600e-01	2.804820e-01	-3.567465e-02
1.397705901967620e-08	4.487734e-03	3.999600e-01	2.809091e-01	-3.570084e-02
1.400866955650611e-08	4.495150e-03	3.999600e-01	2.816097e-01	-3.574406e-02
1.403267755909728e-08	4.499822e-03	3.999600e-01	2.821388e-01	-3.577700e-02
1.405788596197715e-08	4.504005e-03	3.999600e-01	2.826928e-01	-3.581161e-02
1.407709236405008e-08	4.506627e-03	3.999600e-01	2.831127e-01	-3.583799e-02
1.410870290127253e-08	4.510058e-03	3.999600e-01	2.838017e-01	-3.588137e-02
1.413271090577334e-08	4.511883e-03	3.999600e-01	2.843221e-01	-3.591422e-02
1.415791930667991e-08	4.513213e-03	3.999600e-01	2.848668e-01	-3.594864e-02
1.417712571028056e-08	4.513769e-03	3.999600e-01	2.852797e-01	-3.597474e-02
1.420873623808215e-08	4.513970e-03	3.999600e-01	2.859570e-01	-3.601754e-02
1.433806334868366e-08	4.500928e-03	3.999600e-01	2.886955e-01	-3.619199e-02
1.446739045928517e-08	4.482369e-03	3.999600e-01	2.913640e-01	-3.635426e-02
1.459671756988668e-08	4.458292e-03	3.999600e-01	2.939627e-01	-3.650435e-02
1.472604468048819e-08	4.428699e-03	3.999600e-01	2.964916e-01	-3.664225e-02
1.485537179108971e-08	4.393587e-03	3.999600e-01	2.989505e-01	-3.676796e-02
1.498469890169122e-08	4.352959e-03	3.999600e-01	3.013397e-01	-3.688149e-02
1.511402601229273e-08	4.306813e-03	3.999600e-01	3.036589e-01	-3.698283e-02
1.520883075621373e-08	4.275249e-03	3.999600e-01	3.053052e-01	-3.704629e-02
1.530363550013474e-08	4.244057e-03	3.999600e-01	3.069039e-01	-3.710292e-02
1.539844024405575e-08	4.213236e-03	3.999600e-01	3.084551e-01	-3.715273e-02
1.549324498797675e-08	4.182787e-03	3.999600e-01	3.099587e-01	-3.719572e-02
1.558804973189776e-08	4.152708e-03	3.999600e-01	3.114147e-01	-3.723188e-02
1.568285447581877e-08	4.123002e-03	3.999600e-01	3.128232e-01	-3.726122e-02
1.577765921973977e-08	4.093666e-03	3.999600e-01	3.141841e-01	-3.728373e-02
1.587778580343532e-08	4.063831e-03	3.999600e-01	3.155654e-01	-3.730087e-02
1.597791238713087e-08	4.034926e-03	3.999600e-01	3.168866e-01	-3.731244e-02
1.607803897082641e-08	4.006951e-03	3.999600e-01	3.181475e-01	-3.731844e-02
1.617816555452196e-08	3.979907e-03	3.999600e-01	3.193483e-01	-3.731888e-02
1.627829213821751e-08	3.953794e-03	3.999600e-01	3.204889e-01	-3.731374e-02
1.637841872191306e-08	3.928610e-03	3.999600e-01	3.215692e-01	-3.730304e-02
1.647854530560860e-08	3.904358e-03	3.999600e-01	3.225894e-01	-3.728677e-02
1.663644652841913e-08	3.868298e-03	3.999600e-01	3.240708e-01	-3.725114e-02
1.679434775122966e-08	3.833962e-03	3.999600e-01	3.253925e-01	-3.720757e-02
1.695224897404019e-08	3.801349e-03	3.999600e-01	3.265545e-01	-3.715607e-02
1.711015019685071e-08	3.770461e-03	3.999600e-01	3.275568e-01	-3.709663e-02
1.726805141966124e-08	3.741296e-03	3.999600e-01	3.283993e-01	-3.702926e-02
1.742595264247177e-08	3.713856e-03	3.999600e-01	3.290821e-01	-3.695395e-02
1.758385386528230e-08	3.688139e-03	3.999600e-01	3.296052e-01	-3.687070e-02
1.784028326082968e-08	3.649224e-03	3.999600e-01	3.300981e-01	-3.672397e-02
1.809671265637706e-08	3.611809e-03	3.999600e-01	3.301817e-01	-3.656879e-02
1.835314205192445e-08	3.575896e-03	3.999600e-01	3.298560e-01	-3.640515e-02
1.860957144747183e-08	3.541484e-03	3.999600e-01	3.291210e-01	-3.623306e-02
1.886600084301921e-08	3.508574e-03	3.999600e-01	3.279767e-01	-3.605252e-02
1.912243023856660e-08	3.477164e-03	3.999600e-01	3.264232e-01	-3.586352e-02
1.937885963411398e-08	3.447257e-03	3.999600e-01	3.244603e-01	-3.566606e-02
1.984330015987457e-08	3.393336e-03	3.999600e-01	3.198082e-01	-3.529733e-02
2.030774068563517e-08	3.339502e-03	3.999600e-01	3.140888e-01	-3.491765e-02
2.077218121139577e-08	3.285754e-03	3.999600e-01	3.073022e-01	-3.452703e-02
2.123662173715636e-08	3.232093e-03	3.999600e-01	2.994484e-01	-3.412547e-02
2.170106226291696e-08	3.178517e-03	3.999600e-01	2.905274e-01	-3.371296e-02
2.216550278867756e-08	3.125028e-03	3.999600e-01	2.805392e-01	-3.328951e-02
2.262994331443815e-08	3.071625e-03	3.999600e-01	2.694838e-01	-3.285512e-02
2.354887313300262e-08	2.965334e-03	3.999600e-01	2.454749e-01	-3.197854e-02
2.395028929430044e-08	2.918890e-03	3.999600e-01	2.339658e-01	-3.158630e-02
2.435170545559826e-08	2.872727e-03	3.999600e-01	2.220737e-01	-3.119111e-02
2.475312161689608e-08	2.826847e-03	3.999600e-01	2.097986e-01	-3.079298e-02
2.515453777819390e-08	2.781249e-03	3.999600e-01	1.971405e-01	-3.039190e-02
2.555595393949172e-08	2.735932e-03	3.999600e-01	1.840995e-01	-2.998788e-02
2.595737010078954e-08	2.690898e-03	3.999600e-01	1.706755e-01	-2.958092e-02
2.635878626208736e-08	2.646145e-03	3.999600e-01	1.568685e-01	-2.917101e-02
2.661810828582350e-08	2.617515e-03	3.999600e-01	1.478629e-01	-2.890601e-02
2.687743030955964e-08	2.589088e-03	3.999600e-01	1.387988e-01	-2.864089e-02
2.713675233329579e-08	2.560864e-03	3.999600e-01	1.296761e-01	-2.837568e-02
2.739607435703193e-08	2.532843e-03	3.999600e-01	1.204948e-01	-2.811035e-02
2.765539638076807e-08	2.505024e-03	3.999600e-01	1.112549e-01	-2.784493e-02
2.791471840450421e-08	2.477409e-03	3.999600e-01	1.019564e-01	-2.757940e-02
2.817404042824035e-08	2.449996e-03	3.999600e-01	9.259931e-02	-2.731377e-02
2.875958652884295e-08	2.388954e-03	3.999600e-01	7.147252e-02	-2.671581e-02
2.876358786270122e-08	2.388541e-03	3.333000e-01	7.132806e-02	-2.671173e-02
2.877159053041776e-08	2.387715e-03	1.333200e-01	7.103913e-02	-2.670358e-02
2.878759586585084e-08	2.386063e-03	4.000000e-08	7.046130e-02	-2.668726e-02
2.904964841884906e-08	2.359142e-03	4.000000e-08	6.097986e-02	-2.642028e-02
2.931170097184728e-08	2.332464e-03	4.000000e-08	5.153674e-02	-2.615413e-02
2.957375352484551e-08	2.306029e-03	4.000000e-08	4.213195e-02	-2.588882e-02
2.983580607784373e-08	2.279837e-03	4.000000e-08	3.276549e-02	-2.562436e-02
3.009785863084195e-08	2.253889e-03	4.000000e-08	2.343734e-02	-2.536074e-02
3.035991118384018e-08	2.228183e-03	4.000000e-08	1.414753e-02	-2.509795e-02
3.062196373683840e-08	2.202721e-03	4.000000e-08	4.896034e-03	-2.483601e-02
3.067881748586070e-08	2.197230e-03	4.000000e-08	2.902930e-03	-2.477937e-02
3.073567123488299e-08	2.191751e-03	4.000000e-08	9.134807e-04	-2.472279e-02
3.079252498390528e-08	2.186284e-03	4.000000e-08	-1.072312e-03	-2.466626e-02
3.084937873292758e-08	2.180828e-03	4.000000e-08	-3.054449e-03	-2.460978e-02
3.090623248194988e-08	2.175384e-03	4.000000e-08	-5.032931e-03	-2.455336e-02
3.096308623097217e-08	2.169952e-03	4.000000e-08	-7.007757e-03	-2.449699e-02
3.101993997999446e-08	2.164531e-03	4.000000e-08	-8.978927e-03	-2.444068e-02
3.139412185014149e-08	2.129151e-03	4.000000e-08	-2.190117e-02	-2.407117e-02
3.176830372028851e-08	2.094275e-03	4.000000e-08	-3.457333e-02	-2.370472e-02
3.214248559043554e-08	2.059903e-03	4.000000e-08	-4.699541e-02	-2.334132e-02
3.251666746058256e-08	2.026035e-03	4.000000e-08	-5.916741e-02	-2.298097e-02
3.289084933072959e-08	1.992670e-03	4.000000e-08	-7.108932e-02	-2.262368e-02
3.326503120087662e-08	1.959810e-03	4.000000e-08	-8.276115e-02	-2.226943e-02
3.363921307102365e-08	1.927453e-03	4.000000e-08	-9.418289e-02	-2.191824e-02
3.384284593121734e-08	1.910051e-03	4.000000e-08	-1.002448e-01	-2.172873e-02
3.404647879141105e-08	1.892793e-03	4.000000e-08	-1.062040e-01	-2.154030e-02
3.425011165160474e-08	1.875679e-03	4.000000e-08	-1.120605e-01	-2.135296e-02
3.445374451179845e-08	1.858710e-03	4.000000e-08	-1.178142e-01	-2.116669e-02
3.465737737199214e-08	1.841885e-03	4.000000e-08	-1.234653e-01	-2.098151e-02
3.486101023218585e-08	1.825204e-03	4.000000e-08	-1.290136e-01	-2.079741e-02
3.506464309237954e-08	1.808667e-03	4.000000e-08	-1.344592e-01	-2.061440e-02
3.507055481898590e-08	1.808189e-03	4.000000e-08	-1.346154e-01	-2.060910e-02
3.574139277072915e-08	1.754798e-03	4.000000e-08	-1.518212e-01	-2.001407e-02
3.641223072247239e-08	1.702834e-03	4.000000e-08	-1.676660e-01	-1.943193e-02
3.708306867421564e-08	1.652297e-03	4.000000e-08	-1.821499e-01	-1.886268e-02
3.775390662595889e-08	1.603186e-03	4.000000e-08	-1.952728e-01	-1.830631e-02
3.842474457770215e-08	1.555503e-03	4.000000e-08	-2.070348e-01	-1.776283e-02
3.909558252944540e-08	1.509247e-03	4.000000e-08	-2.174358e-01	-1.723225e-02
3.976642048118864e-08	1.464418e-03	4.000000e-08	-2.264759e-01	-1.671454e-02
4.029643069630253e-08	1.429903e-03	4.000000e-08	-2.325359e-01	-1.631503e-02
4.082644091141643e-08	1.396147e-03	4.000000e-08	-2.377527e-01	-1.592341e-02
4.135645112653032e-08	1.363150e-03	4.000000e-08	-2.421262e-01	-1.553967e-02
4.188646134164421e-08	1.330911e-03	4.000000e-08	-2.456565e-01	-1.516383e-02
4.241647155675811e-08	1.299432e-03	4.000000e-08	-2.483436e-01	-1.479587e-02
4.294648177187201e-08	1.268712e-03	4.000000e-08	-2.501874e-01	-1.443580e-02
4.347649198698590e-08	1.238751e-03	4.000000e-08	-2.511879e-01	-1.408362e-02
4.392492720496471e-08	1.213938e-03	4.000000e-08	-2.514178e-01	-1.379158e-02
4.437336242294353e-08	1.189596e-03	4.000000e-08	-2.511541e-01	-1.350474e-02
4.482179764092235e-08	1.165725e-03	4.000000e-08	-2.503967e-01	-1.322309e-02
4.527023285890116e-08	1.142323e-03	4.000000e-08	-2.491457e-01	-1.294664e-02
4.571866807687998e-08	1.119392e-03	4.000000e-08	-2.474011e-01	-1.267539e-02
4.616710329485880e-08	1.096932e-03	4.000000e-08	-2.451628e-01	-1.240933e-02
4.661553851283762e-08	1.074942e-03	4.000000e-08	-2.424309e-01	-1.214847e-02
4.661863002504003e-08	1.074791e-03	4.000000e-08	-2.424109e-01	-1.214669e-02
4.745555321633894e-08	1.035009e-03	4.000000e-08	-2.359050e-01	-1.167398e-02
4.829247640763783e-08	9.965737e-04	4.000000e-08	-2.284387e-01	-1.121679e-02
4.912939959893674e-08	9.594849e-04	4.000000e-08	-2.200121e-01	-1.077513e-02
4.996632279023564e-08	9.237426e-04	4.000000e-08	-2.106252e-01	-1.034900e-02
5.080324598153455e-08	8.893469e-04	4.000000e-08	-2.002780e-01	-9.938392e-03
5.164016917283346e-08	8.562979e-04	4.000000e-08	-1.889705e-01	-9.543312e-03
5.247709236413235e-08	8.245955e-04	4.000000e-08	-1.767026e-01	-9.163758e-03
5.324884641635247e-08	7.963738e-04	4.000000e-08	-1.650970e-01	-8.825780e-03
5.402060046857260e-08	7.690426e-04	4.000000e-08	-1.534753e-01	-8.498338e-03
5.479235452079272e-08	7.426016e-04	4.000000e-08	-1.418377e-01	-8.181431e-03
5.556410857301284e-08	7.170509e-04	4.000000e-08	-1.301839e-01	-7.875058e-03
5.633586262523297e-08	6.923905e-04	4.000000e-08	-1.185141e-01	-7.579221e-03
5.710761667745309e-08	6.686204e-04	4.000000e-08	-1.068283e-01	-7.293919e-03
5.787937072967321e-08	6.457407e-04	4.000000e-08	-9.512649e-02	-7.019151e-03
5.822786299637779e-08	6.356345e-04	4.000000e-08	-9.003582e-02	-6.897788e-03
5.893885195422052e-08	6.155515e-04	4.000000e-08	-7.976229e-02	-6.656555e-03
5.964984091206325e-08	5.960571e-04	4.000000e-08	-6.990981e-02	-6.422363e-03
6.036082986990597e-08	5.771515e-04	4.000000e-08	-6.047839e-02	-6.195212e-03
6.107181882774870e-08	5.588345e-04	4.000000e-08	-5.146801e-02	-5.975103e-03
6.178280778559143e-08	5.411062e-04	4.000000e-08	-4.287869e-02	-5.762035e-03
6.249379674343415e-08	5.239667e-04	4.000000e-08	-3.471042e-02	-5.556009e-03
6.320478570127688e-08	5.074158e-04	4.000000e-08	-2.696320e-02	-5.357025e-03
6.364354374833403e-08	4.974458e-04	4.000000e-08	-2.248697e-02	-5.237161e-03
6.408230179539117e-08	4.876627e-04	4.000000e-08	-1.821831e-02	-5.119540e-03
6.452105984244832e-08	4.780664e-04	4.000000e-08	-1.415720e-02	-5.004162e-03
6.495981788950546e-08	4.686570e-04	4.000000e-08	-1.030365e-02	-4.891028e-03
6.539857593656260e-08	4.594344e-04	4.000000e-08	-6.657668e-03	-4.780136e-03
6.583733398361975e-08	4.503986e-04	4.000000e-08	-3.219244e-03	-4.671488e-03
6.627609203067689e-08	4.415496e-04	4.000000e-08	1.161999e-05	-4.565083e-03
6.672925514182471e-08	4.325923e-04	4.000000e-08	3.117890e-03	-4.457374e-03
6.718241825297254e-08	4.238079e-04	4.000000e-08	6.005809e-03	-4.351746e-03
6.763558136412035e-08	4.151967e-04	4.000000e-08	8.675378e-03	-4.248198e-03
6.808874447526818e-08	4.067584e-04	4.000000e-08	1.112660e-02	-4.146732e-03
6.854190758641600e-08	3.984931e-04	4.000000e-08	1.335947e-02	-4.047346e-03
6.899507069756383e-08	3.904009e-04	4.000000e-08	1.537398e-02	-3.950041e-03
6.944823380871164e-08	3.824817e-04	4.000000e-08	1.717015e-02	-3.854817e-03
6.982808570118553e-08	3.759605e-04	4.000000e-08	1.852255e-02	-3.776403e-03
7.048161644838691e-08	3.650217e-04	4.000000e-08	2.047095e-02	-3.644874e-03
7.113514719558830e-08	3.543801e-04	4.000000e-08	2.205923e-02	-3.516924e-03
7.178867794278968e-08	3.440357e-04	4.000000e-08	2.328738e-02	-3.392551e-03
7.244220868999107e-08	3.339884e-04	4.000000e-08	2.415541e-02	-3.271755e-03
7.309573943719246e-08	3.242382e-04	4.000000e-08	2.466330e-02	-3.154538e-03
7.374927018439384e-08	3.147851e-04	4.000000e-08	2.481108e-02	-3.040898e-03
7.440280093159522e-08	3.056292e-04	4.000000e-08	2.459872e-02	-2.930835e-03
7.498076500642932e-08	2.977483e-04	4.000000e-08	2.417592e-02	-2.836107e-03
7.555872908126343e-08	2.900586e-04	4.000000e-08	2.358484e-02	-2.743680e-03
7.613669315609753e-08	2.825599e-04	4.000000e-08	2.282550e-02	-2.653556e-03
7.671465723093164e-08	2.752523e-04	4.000000e-08	2.189788e-02	-2.565735e-03
7.729262130576574e-08	2.681358e-04	4.000000e-08	2.080200e-02	-2.480215e-03
7.787058538059985e-08	2.612104e-04	4.000000e-08	1.953785e-02	-2.396998e-03
7.844854945543395e-08	2.544760e-04	4.000000e-08	1.810544e-02	-2.316082e-03
7.883119129715041e-08	2.501087e-04	4.000000e-08	1.710985e-02	-2.263611e-03
7.921383313886687e-08	2.458133e-04	4.000000e-08	1.608048e-02	-2.212006e-03
7.959647498058333e-08	2.415897e-04	4.000000e-08	1.501732e-02	-2.161267e-03
7.997911682229979e-08	2.374381e-04	4.000000e-08	1.392037e-02	-2.111395e-03
8.036175866401624e-08	2.333583e-04	4.000000e-08	1.278962e-02	-2.062390e-03
8.074440050573270e-08	2.293505e-04	4.000000e-08	1.162509e-02	-2.014251e-03
8.112704234744916e-08	2.254145e-04	4.000000e-08	1.042677e-02	-1.966978e-03
8.113104368122660e-08	2.253737e-04	4.000000e-08	1.041424e-02	-1.966488e-03
8.150202448435152e-08	2.216225e-04	4.000000e-08	9.235808e-03	-1.921437e-03
8.187300528747644e-08	2.179313e-04	4.000000e-08	8.051522e-03	-1.877110e-03
8.224398609060136e-08	2.143001e-04	4.000000e-08	6.861381e-03	-1.833505e-03
8.261496689372629e-08	2.107288e-04	4.000000e-08	5.665385e-03	-1.790623e-03
8.298594769685121e-08	2.072175e-04	4.000000e-08	4.463533e-03	-1.748464e-03
8.335692849997613e-08	2.037662e-04	4.000000e-08	3.255826e-03	-1.707027e-03
8.372790930310105e-08	2.003748e-04	4.000000e-08	2.042264e-03	-1.666313e-03
8.382251226599403e-08	1.995184e-04	4.000000e-08	1.735454e-03	-1.656033e-03
8.391711522888703e-08	1.986657e-04	4.000000e-08	1.429146e-03	-1.645797e-03
8.401171819178002e-08	1.978166e-04	4.000000e-08	1.123342e-03	-1.635604e-03
8.410632115467301e-08	1.969711e-04	4.000000e-08	8.180405e-04	-1.625455e-03
8.420092411756599e-08	1.961293e-04	4.000000e-08	5.132417e-04	-1.615350e-03
8.429552708045899e-08	1.952910e-04	4.000000e-08	2.089458e-04	-1.605288e-03
8.439013004335198e-08	1.944564e-04	4.000000e-08	-9.484726e-05	-1.595270e-03
8.464169961416070e-08	1.922549e-04	4.000000e-08	-9.009528e-04	-1.568846e-03
8.489326918496942e-08	1.900776e-04	4.000000e-08	-1.699581e-03	-1.542713e-03
8.514483875577814e-08	1.879246e-04	4.000000e-08	-2.490732e-03	-1.516873e-03
8.539640832658686e-08	1.857958e-04	4.000000e-08	-3.274405e-03	-1.491325e-03
8.564797789739558e-08	1.836913e-04	4.000000e-08	-4.050601e-03	-1.466070e-03
8.589954746820430e-08	1.816110e-04	4.000000e-08	-4.819320e-03	-1.441107e-03
8.615111703901302e-08	1.795549e-04	4.000000e-08	-5.580562e-03	-1.416436e-03
8.678455246087167e-08	1.744883e-04	4.000000e-08	-7.465311e-03	-1.355647e-03
8.741798788273032e-08	1.695555e-04	4.000000e-08	-9.257007e-03	-1.296471e-03
8.805142330458897e-08	1.647564e-04	4.000000e-08	-1.095565e-02	-1.238906e-03
8.868485872644763e-08	1.600910e-04	4.000000e-08	-1.256124e-02	-1.182954e-03
8.931829414830628e-08	1.555594e-04	4.000000e-08	-1.407378e-02	-1.128614e-03
8.995172957016494e-08	1.511615e-04	4.000000e-08	-1.549326e-02	-1.075885e-03
9.058516499202359e-08	1.468973e-04	4.000000e-08	-1.681969e-02	-1.024769e-03
9.087784893782873e-08	1.449644e-04	4.000000e-08	-1.738772e-02	-1.001602e-03
9.117053288363389e-08	1.430562e-04	4.000000e-08	-1.793082e-02	-9.787318e-04
9.146321682943903e-08	1.411726e-04	4.000000e-08	-1.844901e-02	-9.561583e-04
9.175590077524418e-08	1.393136e-04	4.000000e-08	-1.894227e-02	-9.338817e-04
9.204858472104932e-08	1.374792e-04	4.000000e-08	-1.941062e-02	-9.119020e-04
9.234126866685448e-08	1.356695e-04	4.000000e-08	-1.985405e-02	-8.902192e-04
9.263395261265962e-08	1.338844e-04	4.000000e-08	-2.027256e-02	-8.688333e-04
9.264010392000618e-08	1.338471e-04	4.000000e-08	-2.028107e-02	-8.683867e-04
9.372092082921959e-08	1.274890e-04	4.000000e-08	-2.156583e-02	-7.922329e-04
9.480173773843300e-08	1.214017e-04	4.000000e-08	-2.253743e-02	-7.193441e-04
9.588255464764643e-08	1.155852e-04	4.000000e-08	-2.319589e-02	-6.497201e-04
9.696337155685984e-08	1.100396e-04	4.000000e-08	-2.354119e-02	-5.833610e-04
9.804418846607326e-08	1.047648e-04	4.000000e-08	-2.357334e-02	-5.202667e-04
9.912500537528667e-08	9.976075e-05	4.000000e-08	-2.329234e-02	-4.604374e-04
1.002058222845001e-07	9.502756e-05	4.000000e-08	-2.269819e-02	-4.038729e-04
1.007603654609389e-07	9.267491e-05	4.000000e-08	-2.231425e-02	-3.757653e-04
1.013149086373777e-07	9.037718e-05	4.000000e-08	-2.188263e-02	-3.483196e-04
1.018694518138165e-07	8.813435e-05	4.000000e-08	-2.140334e-02	-3.215359e-04
1.024239949902553e-07	8.594643e-05	4.000000e-08	-2.087637e-02	-2.954142e-04
1.029785381666941e-07	8.381342e-05	4.000000e-08	-2.030173e-02	-2.699544e-04
1.035330813431329e-07	8.173532e-05	4.000000e-08	-1.967941e-02	-2.451566e-04
1.040876245195717e-07	7.971213e-05	4.000000e-08	-1.900941e-02	-2.210208e-04
1.040934837621161e-07	7.969099e-05	4.000000e-08	-1.900226e-02	-2.207686e-04
1.049017348982588e-07	7.683638e-05	4.000000e-08	-1.795248e-02	-1.867261e-04
1.057099860344014e-07	7.407578e-05	4.000000e-08	-1.687617e-02	-1.538169e-04
1.065182371705441e-07	7.140919e-05	4.000000e-08	-1.577333e-02	-1.220410e-04
1.073264883066867e-07	6.883660e-05	4.000000e-08	-1.464396e-02	-9.139835e-05
1.081347394428294e-07	6.635803e-05	4.000000e-08	-1.348807e-02	-6.188901e-05
1.089429905789720e-07	6.397346e-05	4.000000e-08	-1.230564e-02	-3.351296e-05
1.097512417151147e-07	6.168290e-05	4.000000e-08	-1.109669e-02	-6.270199e-06
1.104785330072812e-07	5.968989e-05	4.000000e-08	-1.003095e-02	1.742266e-05
1.112058242994477e-07	5.775656e-05	4.000000e-08	-8.995585e-03	4.039615e-05
1.119331155916142e-07	5.588290e-05	4.000000e-08	-7.990600e-03	6.265028e-05
1.126604068837807e-07	5.406892e-05	4.000000e-08	-7.015995e-03	8.418505e-05
1.133876981759472e-07	5.231461e-05	4.000000e-08	-6.071769e-03	1.050005e-04
1.141149894681137e-07	5.061998e-05	4.000000e-08	-5.157922e-03	1.250965e-04
1.148422807602802e-07	4.898502e-05	4.000000e-08	-4.274455e-03	1.444732e-04
1.155478218771898e-07	4.744504e-05	4.000000e-08	-3.473002e-03	1.627149e-04
1.160720958025216e-07	4.633363e-05	4.000000e-08	-2.905478e-03	1.758732e-04
1.165963697278534e-07	4.524683e-05	4.000000e-08	-2.365703e-03	1.887347e-04
1.171206436531851e-07	4.418465e-05	4.000000e-08	-1.853678e-03	2.012996e-04
1.176449175785169e-07	4.314708e-05	4.000000e-08	-1.369401e-03	2.135678e-04
1.181691915038487e-07	4.213412e-05	4.000000e-08	-9.128739e-04	2.255393e-04
1.186934654291804e-07	4.114577e-05	4.000000e-08	-4.840955e-04	2.372141e-04
1.192177393545122e-07	4.018204e-05	4.000000e-08	-8.306613e-05	2.485922e-04
1.195607108057492e-07	3.956328e-05	4.000000e-08	1.628110e-04	2.558945e-04
1.199036822569862e-07	3.895371e-05	4.000000e-08	3.964227e-04	2.630862e-04
1.202466537082232e-07	3.835331e-05	4.000000e-08	6.177692e-04	2.701673e-04
1.205896251594602e-07	3.776209e-05	4.000000e-08	8.268504e-04	2.771377e-04
1.209325966106972e-07	3.718004e-05	4.000000e-08	1.023666e-03	2.839975e-04
1.212755680619342e-07	3.660718e-05	4.000000e-08	1.208217e-03	2.907467e-04
1.216185395131712e-07	3.604349e-05	4.000000e-08	1.380502e-03	2.973853e-04
1.222965369400656e-07	3.495627e-05	4.000000e-08	1.682286e-03	3.101820e-04
1.229745343669599e-07	3.389959e-05	4.000000e-08	1.942247e-03	3.226106e-04
1.236525317938542e-07	3.287346e-05	4.000000e-08	2.160385e-03	3.346710e-04
1.243305292207485e-07	3.187787e-05	4.000000e-08	2.336700e-03	3.463633e-04
1.250085266476429e-07	3.091282e-05	4.000000e-08	2.471193e-03	3.576875e-04
1.256865240745372e-07	2.997832e-05	4.000000e-08	2.563864e-03	3.686435e-04
1.263645215014315e-07	2.907436e-05	4.000000e-08	2.614711e-03	3.792313e-04
1.270423474491498e-07	2.819568e-05	4.000000e-08	2.635113e-03	3.895146e-04
1.276751298051732e-07	2.740088e-05	4.000000e-08	2.619643e-03	3.988074e-04
1.283079121611966e-07	2.662703e-05	4.000000e-08	2.582620e-03	4.078476e-04
1.289406945172200e-07	2.587415e-05	4.000000e-08	2.524042e-03	4.166351e-04
1.295734768732435e-07	2.514222e-05	4.000000e-08	2.443910e-03	4.251700e-04
1.302062592292669e-07	2.443126e-05	4.000000e-08	2.342224e-03	4.334524e-04
1.308390415852903e-07	2.374126e-05	4.000000e-08	2.218984e-03	4.414821e-04
1.314718239413138e-07	2.307221e-05	4.000000e-08	2.074190e-03	4.492592e-04
1.320074068290802e-07	2.252025e-05	4.000000e-08	1.941775e-03	4.556693e-04
1.325429897168465e-07	2.198075e-05	4.000000e-08	1.803116e-03	4.619291e-04
1.330785726046129e-07	2.145373e-05	4.000000e-08	1.658213e-03	4.680386e-04
1.336141554923792e-07	2.093918e-05	4.000000e-08	1.507066e-03	4.739977e-04
1.341497383801456e-07	2.043710e-05	4.000000e-08	1.349675e-03	4.798066e-04
1.346853212679120e-07	1.994750e-05	4.000000e-08	1.186040e-03	4.854652e-04
1.352209041556784e-07	1.947037e-05	4.000000e-08	1.016162e-03	4.909734e-04
1.378739579859953e-07	1.726670e-05	4.000000e-08	1.716449e-04	5.163330e-04
1.379642165858431e-07	1.719629e-05	4.000000e-08	1.432148e-04	5.171408e-04
1.380544751856909e-07	1.712616e-05	4.000000e-08	1.148568e-04	5.179452e-04
1.381447337855387e-07	1.705632e-05	4.000000e-08	8.657068e-05	5.187462e-04
1.382349923853864e-07	1.698676e-05	4.000000e-08	5.835657e-05	5.195437e-04
1.383252509852342e-07	1.691749e-05	4.000000e-08	3.021443e-05	5.203378e-04
1.384155095850820e-07	1.684850e-05	4.000000e-08	2.144265e-06	5.211285e-04
1.385057681849298e-07	1.677979e-05	4.000000e-08	-2.585392e-05	5.219158e-04
1.385185719135524e-07	1.677007e-05	4.000000e-08	-2.981697e-05	5.220271e-04
1.388471974553347e-07	1.652254e-05	4.000000e-08	-1.312998e-04	5.248620e-04
1.391758229971170e-07	1.627854e-05	4.000000e-08	-2.311191e-04	5.276543e-04
1.395044485388993e-07	1.603806e-05	4.000000e-08	-3.292749e-04	5.304041e-04
1.398330740806816e-07	1.580110e-05	4.000000e-08	-4.257673e-04	5.331115e-04
1.401616996224639e-07	1.556767e-05	4.000000e-08	-5.205962e-04	5.357764e-04
1.404903251642462e-07	1.533777e-05	4.000000e-08	-6.137616e-04	5.383988e-04
1.408189507060285e-07	1.511139e-05	4.000000e-08	-7.052636e-04	5.409787e-04
1.416167213703110e-07	1.457694e-05	4.000000e-08	-9.197751e-04	5.470598e-04
1.424144920345936e-07	1.405988e-05	4.000000e-08	-1.117664e-03	5.529313e-04
1.432122626988761e-07	1.356022e-05	4.000000e-08	-1.298931e-03	5.585932e-04
1.440100333631587e-07	1.307796e-05	4.000000e-08	-1.463576e-03	5.640456e-04
1.448078040274412e-07	1.261310e-05	4.000000e-08	-1.611599e-03	5.692884e-04
1.456055746917238e-07	1.216563e-05	4.000000e-08	-1.742999e-03	5.743215e-04
1.464033453560063e-07	1.173555e-05	4.000000e-08	-1.857777e-03	5.791452e-04
1.469167874724063e-07	1.146625e-05	4.000000e-08	-1.920601e-03	5.821594e-04
1.474302295888063e-07	1.120279e-05	4.000000e-08	-1.976008e-03	5.851033e-04
1.479436717052063e-07	1.094519e-05	4.000000e-08	-2.023998e-03	5.879767e-04
1.484571138216063e-07	1.069343e-05	4.000000e-08	-2.064571e-03	5.907796e-04
1.489705559380063e-07	1.044752e-05	4.000000e-08	-2.097728e-03	5.935121e-04
1.494839980544063e-07	1.020746e-05	4.000000e-08	-2.123467e-03	5.961742e-04
1.499974401708063e-07	9.973242e-06	4.000000e-08	-2.141790e-03	5.987658e-04
1.500000000000000e-07	9.972086e-06	4.000000e-08	-2.141865e-03	5.987786e-04
1.509663174978807e-07	9.932379e-06	4.000000e-08	-2.154321e-03	6.028679e-04
1.519326349957613e-07	9.898131e-06	4.000000e-08	-2.145519e-03	6.064197e-04
1.528989524936419e-07	9.869341e-06	4.000000e-08	-2.115457e-03	6.094340e-04
1.538652699915226e-07	9.846009e-06	4.000000e-08	-2.064137e-03	6.119108e-04
1.548315874894032e-07	9.828137e-06	4.000000e-08	-1.991558e-03	6.138501e-04
1.557979049872838e-07	9.815723e-06	4.000000e-08	-1.897720e-03	6.152520e-04
1.567642224851645e-07	9.808768e-06	4.000000e-08	-1.782623e-03	6.161163e-04
1.574896689137359e-07	9.802035e-06	4.000000e-08	-1.687274e-03	6.167320e-04
1.582151153423074e-07	9.795977e-06	4.000000e-08	-1.587570e-03	6.172572e-04
1.589405617708788e-07	9.790594e-06	4.000000e-08	-1.483509e-03	6.176919e-04
1.596660081994502e-07	9.785885e-06	4.000000e-08	-1.375093e-03	6.180362e-04
1.603914546280217e-07	9.781850e-06	4.000000e-08	-1.262320e-03	6.182900e-04
1.611169010565931e-07	9.778490e-06	4.000000e-08	-1.145191e-03	6.184533e-04
1.618423474851646e-07	9.775804e-06	4.000000e-08	-1.023706e-03	6.185262e-04
1.624282849851646e-07	9.773795e-06	4.000000e-08	-9.259885e-04	6.185636e-04
1.630142224851646e-07	9.771959e-06	4.000000e-08	-8.293781e-04	6.185778e-04
1.636001599851646e-07	9.770296e-06	4.000000e-08	-7.338752e-04	6.185688e-04
1.641860974851646e-07	9.768807e-06	4.000000e-08	-6.394798e-04	6.185366e-04
1.647720349851647e-07	9.767491e-06	4.000000e-08	-5.461918e-04	6.184812e-04
1.653579724851647e-07	9.766349e-06	4.000000e-08	-4.540114e-04	6.184026e-04
1.659439099851647e-07	9.765379e-06	4.000000e-08	-3.629385e-04	6.183007e-04
1.663066331994504e-07	9.764814e-06	4.000000e-08	-3.082563e-04	6.182332e-04
1.666693564137361e-07	9.764282e-06	4.000000e-08	-2.547697e-04	6.181612e-04
1.670320796280218e-07	9.763783e-06	4.000000e-08	-2.024786e-04	6.180847e-04
1.673948028423076e-07	9.763318e-06	4.000000e-08	-1.513830e-04	6.180036e-04
1.677575260565933e-07	9.762887e-06	4.000000e-08	-1.014830e-04	6.179181e-04
1.681202492708790e-07	9.762490e-06	4.000000e-08	-5.277846e-05	6.178280e-04
1.684829724851647e-07	9.762126e-06	4.000000e-08	-5.269447e-06	6.177335e-04
1.686782849851647e-07	9.761939e-06	4.000000e-08	1.965147e-05	6.176815e-04
1.688735974851648e-07	9.761758e-06	4.000000e-08	4.415895e-05	6.176286e-04
1.692642224851648e-07	9.761417e-06	4.000000e-08	9.190518e-05	6.175201e-04
1.696548474851648e-07	9.761101e-06	4.000000e-08	1.379160e-04	6.174082e-04
1.700454724851648e-07	9.760810e-06	4.000000e-08	1.821439e-04	6.172931e-04
1.706314099851648e-07	9.760413e-06	4.000000e-08	2.450524e-04	6.171150e-04
1.712173474851648e-07	9.760060e-06	4.000000e-08	3.037376e-04	6.169311e-04
1.718032849851648e-07	9.759748e-06	4.000000e-08	3.581085e-04	6.167420e-04
1.728635528423077e-07	9.759299e-06	4.000000e-08	4.443096e-04	6.163841e-04
1.739238206994506e-07	9.758907e-06	4.000000e-08	5.168505e-04	6.160189e-04
1.749840885565935e-07	9.758573e-06	4.000000e-08	5.757313e-04	6.156463e-04
1.760443564137363e-07	9.758295e-06	4.000000e-08	6.209519e-04	6.152663e-04
1.771046242708792e-07	9.758075e-06	4.000000e-08	6.525123e-04	6.148790e-04
1.781648921280221e-07	9.757911e-06	4.000000e-08	6.704126e-04	6.144843e-04
1.792251599851650e-07	9.757805e-06	4.000000e-08	6.746528e-04	6.140823e-04
1.800343117708793e-07	9.757724e-06	4.000000e-08	6.701957e-04	6.137755e-04
1.808434635565936e-07	9.757651e-06	4.000000e-08	6.610641e-04	6.134678e-04
1.816526153423079e-07	9.757588e-06	4.000000e-08	6.472579e-04	6.131590e-04
1.824617671280222e-07	9.757533e-06	4.000000e-08	6.287770e-04	6.128493e-04
1.832709189137365e-07	9.757487e-06	4.000000e-08	6.056215e-04	6.125385e-04
1.840800706994508e-07	9.757450e-06	4.000000e-08	5.777914e-04	6.122267e-04
1.848892224851651e-07	9.757421e-06	4.000000e-08	5.452867e-04	6.119140e-04
1.856146689137366e-07	9.757397e-06	4.000000e-08	5.140604e-04	6.116334e-04
1.863401153423080e-07	9.757376e-06	4.000000e-08	4.818608e-04	6.113526e-04
1.870655617708795e-07	9.757357e-06	4.000000e-08	4.486880e-04	6.110717e-04
1.877910081994509e-07	9.757340e-06	4.000000e-08	4.145419e-04	6.107905e-04
1.885164546280224e-07	9.757326e-06	4.000000e-08	3.794226e-04	6.105092e-04
1.892419010565938e-07	9.757315e-06	4.000000e-08	3.433300e-04	6.102277e-04
1.899673474851653e-07	9.757306e-06	4.000000e-08	3.062641e-04	6.099460e-04
1.905811867708796e-07	9.757298e-06	4.000000e-08	2.753816e-04	6.097077e-04
1.911950260565939e-07	9.757291e-06	4.000000e-08	2.451502e-04	6.094694e-04
1.918088653423082e-07	9.757285e-06	4.000000e-08	2.155700e-04	6.092310e-04
1.924227046280225e-07	9.757279e-06	4.000000e-08	1.866409e-04	6.089927e-04
1.930365439137368e-07	9.757275e-06	4.000000e-08	1.583630e-04	6.087544e-04
1.936503831994511e-07	9.757271e-06	4.000000e-08	1.307363e-04	6.085161e-04
1.942642224851654e-07	9.757267e-06	4.000000e-08	1.037607e-04	6.082777e-04
1.946827492708797e-07	9.757265e-06	4.000000e-08	8.614440e-05	6.081153e-04
1.951012760565940e-07	9.757263e-06	4.000000e-08	6.911676e-05	6.079528e-04
1.955198028423083e-07	9.757261e-06	4.000000e-08	5.267775e-05	6.077904e-04
1.959383296280225e-07	9.757259e-06	4.000000e-08	3.682736e-05	6.076280e-04
1.963568564137368e-07	9.757258e-06	4.000000e-08	2.156560e-05	6.074657e-04
1.967753831994511e-07	9.757256e-06	4.000000e-08	6.892477e-06	6.073034e-04
1.971939099851654e-07	9.757255e-06	4.000000e-08	-7.192022e-06	6.071411e-04
1.975845349851654e-07	9.757254e-06	4.000000e-08	-1.969902e-05	6.069896e-04
1.979751599851655e-07	9.757253e-06	4.000000e-08	-3.162617e-05	6.068381e-04
1.983657849851655e-07	9.757252e-06	4.000000e-08	-4.296489e-05	6.066867e-04
1.989517224851655e-07	9.757250e-06	4.000000e-08	-5.885494e-05	6.064597e-04
1.995376599851655e-07	9.757249e-06	4.000000e-08	-7.338929e-05	6.062327e-04
1.999282849851655e-07	9.757248e-06	4.000000e-08	-8.234515e-05	6.060814e-04
2.000000000000000e-07	9.757248e-06	4.000000e-08	-8.393292e-05	6.060536e-04
