0.0, 0.0
6.6711140760507e-11, 0.0
1.33422281521014e-10, 0.0
2.0013342228152106e-10, 0.0
2.66844563042028e-10, 0.0
3.33555703802535e-10, 0.0
4.002668445630421e-10, 0.0
4.669779853235491e-10, 0.0
5.33689126084056e-10, 0.0
6.004002668445631e-10, 0.0
6.6711140760507e-10, 0.0
7.338225483655771e-10, 0.0
8.005336891260842e-10, 0.0
8.672448298865912e-10, 0.0
9.339559706470982e-10, 0.0
1.0006671114076052e-09, 0.0
1.067378252168112e-09, 0.0
1.1340893929286192e-09, 0.0
1.2008005336891262e-09, 0.0
1.2675116744496331e-09, 0.0
1.33422281521014e-09, 0.0
1.4009339559706472e-09, 0.0
1.4676450967311542e-09, 0.0
1.534356237491661e-09, 0.0
1.6010673782521684e-09, 0.0
1.6677785190126754e-09, 0.0
1.7344896597731823e-09, 0.0
1.8012008005336893e-09, 0.0
1.8679119412941964e-09, 0.0
1.934623082054703e-09, 0.0
2.0013342228152103e-09, 0.0
2.0680453635757174e-09, 0.0
2.134756504336224e-09, 0.0
2.2014676450967313e-09, 0.0
2.2681787858572385e-09, 0.0
2.3348899266177452e-09, 0.0
2.4016010673782524e-09, 0.0
2.4683122081387595e-09, 0.0
2.5350233488992662e-09, 0.0
2.6017344896597734e-09, 0.0
2.66844563042028e-09, 0.0
2.7351567711807873e-09, 0.0
2.8018679119412944e-09, 0.0
2.868579052701801e-09, 0.0
2.9352901934623083e-09, 0.0
3.0020013342228155e-09, 0.0
3.068712474983322e-09, 0.0
3.1354236157438293e-09, 0.0
3.202134756504337e-09, 0.0
3.2688458972648436e-09, 0.0
3.3355570380253508e-09, 0.0
3.402268178785858e-09, 0.0
3.4689793195463647e-09, 0.0
3.535690460306872e-09, 0.0
3.6024016010673785e-09, 0.0
3.6691127418278857e-09, 0.0
3.735823882588393e-09, 0.0
3.8025350233489e-09, 0.0
3.869246164109406e-09, 0.0
3.9359573048699135e-09, 0.0
4.002668445630421e-09, 0.0
4.069379586390928e-09, 0.0
4.136090727151435e-09, 0.0
4.202801867911942e-09, 0.0
4.269513008672448e-09, 0.0
4.3362241494329555e-09, 0.0
4.402935290193463e-09, 0.0
4.46964643095397e-09, 0.0
4.536357571714477e-09, 0.0
4.603068712474983e-09, 0.0
4.6697798532354904e-09, 0.0
4.7364909939959976e-09, 0.0
4.803202134756505e-09, 0.0
4.869913275517012e-09, 0.0
4.936624416277519e-09, 0.0
5.003335557038025e-09, 0.0
5.0700466977985325e-09, 0.0
5.13675783855904e-09, 0.0
5.203468979319547e-09, 0.0
5.270180120080054e-09, 0.0
5.33689126084056e-09, 0.0
5.403602401601067e-09, 0.0
5.4703135423615745e-09, 0.0
5.537024683122082e-09, 0.0
5.603735823882589e-09, 0.0
5.670446964643096e-09, 0.0
5.737158105403602e-09, 0.0
5.8038692461641095e-09, 0.0
5.870580386924617e-09, 0.0
5.937291527685124e-09, 0.0
6.004002668445631e-09, 0.0
6.070713809206137e-09, 0.0
6.137424949966644e-09, 0.0
6.2041360907271515e-09, 0.0
6.270847231487659e-09, 0.0
6.337558372248166e-09, 0.0
6.404269513008674e-09, 0.0
6.47098065376918e-09, 0.0
6.537691794529687e-09, 0.0
6.604402935290194e-09, 0.0
6.6711140760507016e-09, 0.0
6.737825216811209e-09, 0.0
6.804536357571716e-09, 0.0
6.871247498332222e-09, 0.0
6.937958639092729e-09, 0.0
7.0046697798532365e-09, 0.0
7.071380920613744e-09, 0.0
7.138092061374251e-09, 0.0
7.204803202134757e-09, 0.0
7.271514342895264e-09, 0.0
7.338225483655771e-09, 0.0
7.4049366244162785e-09, 0.0
7.471647765176786e-09, 0.0
7.538358905937292e-09, 0.0
7.6050700466978e-09, 0.0
7.671781187458306e-09, 0.0
7.738492328218813e-09, 0.0
7.80520346897932e-09, 0.0
7.871914609739827e-09, 0.0
7.938625750500335e-09, 0.0
8.005336891260841e-09, 0.0
8.07204803202135e-09, 0.0
8.138759172781855e-09, 0.0
8.205470313542362e-09, 0.0
8.27218145430287e-09, 0.0
8.338892595063376e-09, 0.0
8.405603735823884e-09, 0.0
8.47231487658439e-09, 0.0
8.539026017344897e-09, 0.0
8.605737158105405e-09, 0.0
8.672448298865911e-09, 0.0
8.739159439626419e-09, 0.0
8.805870580386925e-09, 0.0
8.872581721147432e-09, 0.0
8.93929286190794e-09, 0.0
9.006004002668446e-09, 0.0
9.072715143428954e-09, 0.0
9.13942628418946e-09, 0.0
9.206137424949967e-09, 0.0
9.272848565710475e-09, 0.0
9.339559706470981e-09, 0.0
9.406270847231489e-09, 0.0
9.472981987991995e-09, 0.0
9.539693128752503e-09, 0.0
9.60640426951301e-09, 0.0
9.673115410273516e-09, 0.0
9.739826551034024e-09, 0.0
9.80653769179453e-09, 0.0
9.873248832555038e-09, 0.0
9.939959973315544e-09, 0.0
1.000667111407605e-08, 0.0
1.0073382254836559e-08, 0.0
1.0140093395597065e-08, 0.0
1.0206804536357573e-08, 0.0
1.027351567711808e-08, 0.0
1.0340226817878586e-08, 0.0
1.0406937958639094e-08, 0.0
1.04736490993996e-08, 0.0
1.0540360240160108e-08, 0.0
1.0607071380920614e-08, 0.0
1.067378252168112e-08, 0.0
1.0740493662441628e-08, 0.0
1.0807204803202135e-08, 0.0
1.0873915943962643e-08, 0.0
1.0940627084723149e-08, 0.0
1.1007338225483657e-08, 0.0
1.1074049366244163e-08, 0.0
1.114076050700467e-08, 0.0
1.1207471647765178e-08, 0.0
1.1274182788525684e-08, 0.0
1.1340893929286192e-08, 0.0
1.1407605070046698e-08, 0.0
1.1474316210807205e-08, 0.0
1.1541027351567713e-08, 0.0
1.1607738492328219e-08, 0.0
1.1674449633088727e-08, 0.0
1.1741160773849233e-08, 0.0
1.180787191460974e-08, 0.0
1.1874583055370248e-08, 0.0
1.1941294196130754e-08, 0.0
1.2008005336891262e-08, 0.0
1.2074716477651768e-08, 0.0
1.2141427618412274e-08, 0.0
1.2208138759172782e-08, 0.0
1.2274849899933289e-08, 0.0
1.2341561040693797e-08, 0.0
1.2408272181454303e-08, 0.0
1.2474983322214811e-08, 0.0
1.2541694462975317e-08, 0.0
1.2608405603735824e-08, 0.0
1.2675116744496332e-08, 0.0
1.2741827885256838e-08, 0.0
1.2808539026017348e-08, 0.0
1.2875250166777854e-08, 0.0
1.294196130753836e-08, 0.0
1.3008672448298868e-08, 0.0
1.3075383589059375e-08, 0.0
1.3142094729819882e-08, 0.0
1.3208805870580389e-08, 0.0
1.3275517011340895e-08, 0.0
1.3342228152101403e-08, 0.0
1.340893929286191e-08, 0.0
1.3475650433622417e-08, 0.0
1.3542361574382924e-08, 0.0
1.3609072715143432e-08, 0.0
1.3675783855903938e-08, 0.0
1.3742494996664444e-08, 0.0
1.3809206137424952e-08, 0.0
1.3875917278185459e-08, 0.0
1.3942628418945967e-08, 0.0
1.4009339559706473e-08, 0.0
1.407605070046698e-08, 0.0
1.4142761841227487e-08, 0.0
1.4209472981987994e-08, 0.0
1.4276184122748502e-08, 0.0
1.4342895263509008e-08, 0.0
1.4409606404269514e-08, 0.0
1.4476317545030022e-08, 0.0
1.4543028685790528e-08, 0.0
1.4609739826551036e-08, 0.0
1.4676450967311543e-08, 0.0
1.4743162108072049e-08, 0.0
1.4809873248832557e-08, 0.0
1.4876584389593063e-08, 0.0
1.494329553035357e-08, 0.0
1.501000667111408e-08, 0.0
1.5076717811874584e-08, 0.0
1.5143428952635092e-08, 0.0
1.52101400933956e-08, 0.0
1.5276851234156105e-08, 0.0
1.5343562374916613e-08, 0.0
1.541027351567712e-08, 0.0
1.5476984656437625e-08, 0.0
1.5543695797198133e-08, 0.0
1.561040693795864e-08, 0.0
1.567711807871915e-08, 0.0
1.5743829219479654e-08, 0.0
1.5810540360240162e-08, 0.0
1.587725150100067e-08, 0.0
1.5943962641761174e-08, 0.0
1.6010673782521682e-08, 0.0
1.607738492328219e-08, 0.0
1.61440960640427e-08, 0.0
1.6210807204803203e-08, 0.0
1.627751834556371e-08, 0.0
1.634422948632422e-08, 0.0
1.6410940627084724e-08, 0.0
1.647765176784523e-08, 0.0
1.654436290860574e-08, 0.0
1.6611074049366244e-08, 0.0
1.6677785190126752e-08, 0.0
1.674449633088726e-08, 0.0
1.6811207471647768e-08, 0.0
1.6877918612408273e-08, 0.0
1.694462975316878e-08, 0.0
1.701134089392929e-08, 0.0
1.7078052034689793e-08, 0.0
1.71447631754503e-08, 0.0
1.721147431621081e-08, 0.0
1.7278185456971317e-08, 0.0
1.7344896597731822e-08, 0.0
1.741160773849233e-08, 0.0
1.7478318879252838e-08, 0.0
1.7545030020013343e-08, 0.0
1.761174116077385e-08, 0.0
1.767845230153436e-08, 0.0
1.7745163442294863e-08, 0.0
1.781187458305537e-08, 0.0
1.787858572381588e-08, 0.0
1.7945296864576387e-08, 0.0
1.8012008005336892e-08, 0.0
1.80787191460974e-08, 0.0
1.8145430286857908e-08, 0.0
1.8212141427618412e-08, 0.0
1.827885256837892e-08, 0.0
1.834556370913943e-08, 0.0
1.8412274849899933e-08, 0.0
1.847898599066044e-08, 0.0
1.854569713142095e-08, 0.0
1.8612408272181457e-08, 0.0
1.8679119412941962e-08, 0.0
1.874583055370247e-08, 0.0
1.8812541694462978e-08, 0.0
1.8879252835223482e-08, 0.0
1.894596397598399e-08, 0.0
1.9012675116744498e-08, 0.0
1.9079386257505006e-08, 0.0
1.914609739826551e-08, 0.0
1.921280853902602e-08, 0.0
1.9279519679786527e-08, 0.0
1.934623082054703e-08, 0.0
1.941294196130754e-08, 0.0
1.9479653102068047e-08, 0.0
1.9546364242828552e-08, 0.0
1.961307538358906e-08, 0.0
1.9679786524349568e-08, 0.0
1.9746497665110076e-08, 0.0
1.981320880587058e-08, 0.0
1.987991994663109e-08, 0.0
1.9946631087391597e-08, 0.0
2.00133422281521e-08, 0.0
2.008005336891261e-08, 0.0
2.0146764509673117e-08, 0.0
2.0213475650433625e-08, 0.0
2.028018679119413e-08, 0.0
2.0346897931954638e-08, 0.0
2.0413609072715146e-08, 0.0
2.048032021347565e-08, 0.0
2.054703135423616e-08, 0.0
2.0613742494996667e-08, 0.0
2.068045363575717e-08, 0.0
2.074716477651768e-08, 0.0
2.0813875917278187e-08, 0.0
2.0880587058038695e-08, 0.0
2.09472981987992e-08, 0.0
2.1014009339559708e-08, 0.0
2.1080720480320216e-08, 0.0
2.114743162108072e-08, 0.0
2.121414276184123e-08, 0.0
2.1280853902601736e-08, 0.0
2.134756504336224e-08, 0.0
2.141427618412275e-08, 0.0
2.1480987324883257e-08, 0.0
2.1547698465643765e-08, 0.0
2.161440960640427e-08, 0.0
2.1681120747164778e-08, 0.0
2.1747831887925286e-08, 0.0
2.181454302868579e-08, 0.0
2.1881254169446298e-08, 0.0
2.1947965310206806e-08, 0.0
2.2014676450967314e-08, 0.0
2.208138759172782e-08, 0.0
2.2148098732488327e-08, 0.0
2.2214809873248835e-08, 0.0
2.228152101400934e-08, 0.0
2.2348232154769847e-08, 0.0
2.2414943295530355e-08, 0.0
2.248165443629086e-08, 0.0
2.2548365577051368e-08, 0.0
2.2615076717811876e-08, 0.0
2.2681787858572384e-08, 0.0
2.274849899933289e-08, 0.0
2.2815210140093397e-08, 0.0
2.2881921280853905e-08, 0.0
2.294863242161441e-08, 0.0
2.3015343562374917e-08, 0.0
2.3082054703135425e-08, 0.0
2.314876584389593e-08, 0.0
2.3215476984656438e-08, 0.0
2.3282188125416946e-08, 0.0
2.3348899266177454e-08, 0.0
2.341561040693796e-08, 0.0
2.3482321547698466e-08, 0.0
2.3549032688458974e-08, 0.0
2.361574382921948e-08, 0.0
2.3682454969979987e-08, 0.0
2.3749166110740495e-08, 0.0
2.3815877251501003e-08, 0.0
2.3882588392261508e-08, 0.0
2.3949299533022016e-08, 0.0
2.4016010673782524e-08, 0.0
2.4082721814543028e-08, 0.0
2.4149432955303536e-08, 0.0
2.4216144096064044e-08, 0.0
2.428285523682455e-08, 0.0
2.4349566377585057e-08, 0.0
2.4416277518345565e-08, 0.0
2.4482988659106073e-08, 0.0
2.4549699799866577e-08, 0.0
2.4616410940627085e-08, 0.0
2.4683122081387593e-08, 0.0
2.4749833222148098e-08, 0.0
2.4816544362908606e-08, 0.0
2.4883255503669114e-08, 0.0
2.4949966644429622e-08, 0.0
2.5016677785190127e-08, 0.0
2.5083388925950635e-08, 0.0
2.5150100066711143e-08, 0.0
2.5216811207471647e-08, 0.0
2.5283522348232155e-08, 0.0
2.5350233488992663e-08, 0.0
2.5416944629753168e-08, 0.0
2.5483655770513676e-08, 0.0
2.5550366911274184e-08, 0.0
2.5617078052034695e-08, 0.0
2.56837891927952e-08, 0.0
2.5750500333555708e-08, 0.0
2.5817211474316216e-08, 0.0
2.588392261507672e-08, 0.0
2.595063375583723e-08, 0.0
2.6017344896597736e-08, 0.0
2.6084056037358244e-08, 0.0
2.615076717811875e-08, 0.0
2.6217478318879257e-08, 0.0
2.6284189459639765e-08, 0.0
2.635090060040027e-08, 0.0
2.6417611741160778e-08, 0.0
2.6484322881921286e-08, 0.0
2.655103402268179e-08, 0.0
2.6617745163442298e-08, 0.0
2.6684456304202806e-08, 0.0
2.6751167444963314e-08, 0.0
2.681787858572382e-08, 0.0
2.6884589726484327e-08, 0.0
2.6951300867244835e-08, 0.0
2.701801200800534e-08, 0.0
2.7084723148765847e-08, 0.0
2.7151434289526355e-08, 0.0
2.7218145430286863e-08, 0.0
2.7284856571047368e-08, 0.0
2.7351567711807876e-08, 0.0
2.7418278852568384e-08, 0.0
2.748498999332889e-08, 0.0
2.7551701134089397e-08, 0.0
2.7618412274849905e-08, 0.0
2.768512341561041e-08, 0.0
2.7751834556370917e-08, 0.0
2.7818545697131425e-08, 0.0
2.7885256837891933e-08, 0.0
2.7951967978652438e-08, 0.0
2.8018679119412946e-08, 0.0
2.8085390260173454e-08, 0.0
2.815210140093396e-08, 0.0
2.8218812541694466e-08, 0.0
2.8285523682454974e-08, 0.0
2.8352234823215482e-08, 0.0
2.8418945963975987e-08, 0.0
2.8485657104736495e-08, 0.0
2.8552368245497003e-08, 0.0
2.8619079386257508e-08, 0.0
2.8685790527018016e-08, 0.0
2.8752501667778524e-08, 0.0
2.8819212808539028e-08, 0.0
2.8885923949299536e-08, 0.0
2.8952635090060044e-08, 0.0
2.9019346230820552e-08, 0.0
2.9086057371581057e-08, 0.0
2.9152768512341565e-08, 0.0
2.9219479653102073e-08, 0.0
2.9286190793862578e-08, 0.0
2.9352901934623086e-08, 0.0
2.9419613075383593e-08, 0.0
2.9486324216144098e-08, 0.0
2.9553035356904606e-08, 0.0
2.9619746497665114e-08, 0.0
2.9686457638425622e-08, 0.0
2.9753168779186127e-08, 0.0
2.981987991994664e-08, 0.0
2.988659106070714e-08, 0.0
2.995330220146765e-08, 0.0
3.002001334222816e-08, 0.0
3.0086724482988663e-08, 0.0
3.015343562374917e-08, 0.0
3.022014676450968e-08, 0.0
3.0286857905270184e-08, 0.0
3.035356904603069e-08, 0.0
3.04202801867912e-08, 0.0
3.0486991327551705e-08, 0.0
3.055370246831221e-08, 0.0
3.062041360907272e-08, 0.0
3.0687124749833225e-08, 0.0
3.075383589059373e-08, 0.0
3.082054703135424e-08, 0.0
3.0887258172114746e-08, 0.0
3.095396931287525e-08, 0.0
3.102068045363576e-08, 0.0
3.1087391594396266e-08, 0.0
3.115410273515678e-08, 0.0
3.122081387591728e-08, 0.0
3.128752501667779e-08, 0.0
3.13542361574383e-08, 0.0
3.14209472981988e-08, 0.0
3.148765843895931e-08, 0.0
3.155436957971982e-08, 0.0
3.1621080720480324e-08, 0.0
3.168779186124083e-08, 0.0
3.175450300200134e-08, 0.0
3.1821214142761844e-08, 0.0
3.188792528352235e-08, 0.0
3.195463642428286e-08, 0.0
3.2021347565043365e-08, 0.0
3.208805870580387e-08, 0.0
3.215476984656438e-08, 0.0
3.2221480987324885e-08, 0.0
3.22881921280854e-08, 0.0
3.2354903268845895e-08, 0.0
3.2421614409606406e-08, 0.0
3.248832555036691e-08, 0.0
3.255503669112742e-08, 0.0
3.2621747831887927e-08, 0.0
3.268845897264844e-08, 0.0
3.2755170113408936e-08, 0.0
3.282188125416945e-08, 0.0
3.288859239492995e-08, 0.0
3.295530353569046e-08, 0.0
3.302201467645097e-08, 0.0
3.308872581721148e-08, 0.0
3.3155436957971984e-08, 0.0
3.322214809873249e-08, 0.0
3.328885923949299e-08, 0.0
3.3355570380253504e-08, 0.0
3.342228152101401e-08, 0.0
3.348899266177452e-08, 0.0
3.3555703802535025e-08, 0.0
3.3622414943295536e-08, 0.0
3.3689126084056034e-08, 0.0
3.3755837224816546e-08, 0.0
3.382254836557705e-08, 0.0
3.388925950633756e-08, 0.0
3.3955970647098066e-08, 0.0
3.402268178785858e-08, 0.0
3.408939292861908e-08, 0.0
3.415610406937959e-08, 0.0
3.42228152101401e-08, 0.0
3.42895263509006e-08, 0.0
3.4356237491661114e-08, 0.0
3.442294863242162e-08, 0.0
3.448965977318213e-08, 0.0
3.4556370913942635e-08, 0.0
3.462308205470314e-08, 0.0
3.4689793195463644e-08, 0.0
3.4756504336224155e-08, 0.0
3.482321547698466e-08, 0.0
3.488992661774517e-08, 0.0
3.4956637758505676e-08, 0.0
3.502334889926619e-08, 0.0
3.5090060040026685e-08, 0.0
3.5156771180787197e-08, 0.0
3.52234823215477e-08, 0.0
3.529019346230821e-08, 0.0
3.535690460306872e-08, 0.0
3.542361574382923e-08, 0.0
3.5490326884589727e-08, 0.0
3.555703802535024e-08, 0.0
3.562374916611074e-08, 0.0
3.5690460306871254e-08, 0.0
3.575717144763176e-08, 0.0
3.582388258839227e-08, 0.0
3.5890593729152774e-08, 0.0
3.595730486991328e-08, 0.0
3.6024016010673784e-08, 0.0
3.6090727151434295e-08, 0.0
3.61574382921948e-08, 0.0
3.622414943295531e-08, 0.0
3.6290860573715816e-08, 0.0
3.635757171447633e-08, 0.0
3.6424282855236825e-08, 0.0
3.6490993995997336e-08, 0.0
3.655770513675784e-08, 0.0
3.662441627751835e-08, 0.0
3.669112741827886e-08, 0.0
3.675783855903937e-08, 0.0
3.6824549699799866e-08, 0.0
3.689126084056038e-08, 0.0
3.695797198132088e-08, 0.0
3.7024683122081393e-08, 0.0
3.70913942628419e-08, 0.0
3.715810540360241e-08, 0.0
3.7224816544362914e-08, 0.0
3.729152768512342e-08, 0.0
3.7358238825883923e-08, 0.0
3.7424949966644435e-08, 0.0
3.749166110740494e-08, 0.0
3.755837224816545e-08, 0.0
3.7625083388925955e-08, 0.0
3.7691794529686467e-08, 0.0
3.7758505670446965e-08, 0.0
3.7825216811207476e-08, 0.0
3.789192795196798e-08, 0.0
3.795863909272849e-08, 0.0
3.8025350233488997e-08, 0.0
3.809206137424951e-08, 0.0
3.815877251501001e-08, 0.0
3.822548365577052e-08, 0.0
3.829219479653102e-08, 0.0
3.835890593729153e-08, 0.0
3.842561707805204e-08, 0.0
3.849232821881255e-08, 0.0
3.8559039359573054e-08, 0.0
3.8625750500333565e-08, 0.0
3.869246164109406e-08, 0.0
3.8759172781854574e-08, 0.0
3.882588392261508e-08, 0.0
3.889259506337559e-08, 0.0
3.8959306204136095e-08, 0.0
3.9026017344896606e-08, 0.0
3.9092728485657104e-08, 0.0
3.9159439626417616e-08, 0.0
3.922615076717812e-08, 0.0
3.929286190793863e-08, 0.0
3.9359573048699136e-08, 0.0
3.942628418945965e-08, 0.0
3.949299533022015e-08, 0.0
3.955970647098066e-08, 0.0
3.962641761174116e-08, 0.0
3.969312875250167e-08, 0.0
3.975983989326218e-08, 0.0
3.982655103402269e-08, 0.0
3.9893262174783193e-08, 0.0
3.9959973315543705e-08, 0.0
4.00266844563042e-08, 0.0
4.0093395597064714e-08, 0.0
4.016010673782522e-08, 0.0
4.022681787858573e-08, 0.0
4.0293529019346235e-08, 0.0
4.0360240160106746e-08, 0.0
4.042695130086725e-08, 0.0
4.0493662441627755e-08, 0.0
4.056037358238826e-08, 0.0
4.062708472314877e-08, 0.0
4.0693795863909276e-08, 0.0
4.076050700466979e-08, 0.0
4.082721814543029e-08, 0.0
4.08939292861908e-08, 0.0
4.09606404269513e-08, 0.0
4.102735156771181e-08, 0.0
4.109406270847232e-08, 0.0
4.116077384923283e-08, 0.0
4.122748498999333e-08, 0.0
4.1294196130753844e-08, 0.0
4.136090727151434e-08, 0.0
4.1427618412274854e-08, 0.0
4.149432955303536e-08, 0.0
4.156104069379587e-08, 0.0
4.1627751834556374e-08, 0.0
4.1694462975316886e-08, 0.0
4.176117411607739e-08, 0.0
4.1827885256837895e-08, 0.0
4.18945963975984e-08, 0.0
4.196130753835891e-08, 0.0
4.2028018679119415e-08, 0.0
4.209472981987993e-08, 0.0
4.216144096064043e-08, 0.0
4.222815210140094e-08, 0.0
4.229486324216144e-08, 0.0
4.236157438292195e-08, 0.0
4.242828552368246e-08, 0.0
4.249499666444297e-08, 0.0
4.256170780520347e-08, 0.0
4.2628418945963984e-08, 0.0
4.269513008672448e-08, 0.0
4.276184122748499e-08, 0.0
4.28285523682455e-08, 0.0
4.289526350900601e-08, 0.0
4.2961974649766514e-08, 0.0
4.3028685790527025e-08, 0.0
4.309539693128753e-08, 0.0
4.3162108072048035e-08, 0.0
4.322881921280854e-08, 0.0
4.329553035356905e-08, 0.0
4.3362241494329555e-08, 0.0
4.3428952635090066e-08, 0.0
4.349566377585057e-08, 0.0
4.356237491661108e-08, 0.0
4.362908605737158e-08, 0.0
4.369579719813209e-08, 0.0
4.3762508338892596e-08, 0.0
4.382921947965311e-08, 0.0
4.389593062041361e-08, 0.0
4.3962641761174124e-08, 0.0
4.402935290193463e-08, 0.0
4.409606404269513e-08, 0.0
4.416277518345564e-08, 0.0
4.422948632421615e-08, 0.0
4.4296197464976654e-08, 0.0
4.4362908605737165e-08, 0.0
4.442961974649767e-08, 0.0
4.449633088725818e-08, 0.0
4.456304202801868e-08, 0.0
4.462975316877919e-08, 0.0
4.4696464309539695e-08, 0.0
4.4763175450300206e-08, 0.0
4.482988659106071e-08, 0.0
4.489659773182122e-08, 0.0
4.496330887258172e-08, 0.0
4.503002001334223e-08, 0.0
4.5096731154102736e-08, 0.0
4.516344229486325e-08, 0.0
4.523015343562375e-08, 0.0
4.529686457638426e-08, 0.0
4.536357571714477e-08, 0.0
4.543028685790527e-08, 0.0
4.549699799866578e-08, 0.0
4.556370913942629e-08, 0.0
4.563042028018679e-08, 0.0
4.5697131420947304e-08, 0.0
4.576384256170781e-08, 0.0
4.583055370246832e-08, 0.0
4.589726484322882e-08, 0.0
4.596397598398933e-08, 0.0
4.6030687124749834e-08, 0.0
4.6097398265510346e-08, 0.0
4.616410940627085e-08, 0.0
4.623082054703136e-08, 0.0
4.629753168779186e-08, 0.0
4.636424282855237e-08, 0.0
4.6430953969312876e-08, 0.0
4.649766511007339e-08, 0.0
4.656437625083389e-08, 0.0
4.66310873915944e-08, 0.0
4.669779853235491e-08, 0.0
4.676450967311541e-08, 0.0
4.683122081387592e-08, 0.0
4.689793195463643e-08, 0.0
4.696464309539693e-08, 0.0
4.7031354236157444e-08, 0.0
4.709806537691795e-08, 0.0
4.716477651767846e-08, 0.0
4.723148765843896e-08, 0.0
4.729819879919947e-08, 0.0
4.7364909939959974e-08, 0.0
4.7431621080720485e-08, 0.0
4.749833222148099e-08, 0.0
4.75650433622415e-08, 0.0
4.7631754503002006e-08, 0.0
4.769846564376251e-08, 0.0
4.7765176784523015e-08, 0.0
4.7831887925283527e-08, 0.0
4.789859906604403e-08, 0.0
4.796531020680454e-08, 0.0
4.803202134756505e-08, 0.0
4.809873248832556e-08, 0.0
4.8165443629086057e-08, 0.0
4.823215476984657e-08, 0.0
4.829886591060707e-08, 0.0
4.8365577051367584e-08, 0.0
4.843228819212809e-08, 0.0
4.84989993328886e-08, 0.0
4.85657104736491e-08, 0.0
4.863242161440961e-08, 0.0
4.8699132755170114e-08, 0.0
4.8765843895930625e-08, 0.0
4.883255503669113e-08, 0.0
4.889926617745164e-08, 0.0
4.8965977318212146e-08, 0.0
4.903268845897265e-08, 0.0
4.9099399599733155e-08, 0.0
4.9166110740493666e-08, 0.0
4.923282188125417e-08, 0.0
4.929953302201468e-08, 0.0
4.936624416277519e-08, 0.0
4.94329553035357e-08, 0.0
4.9499666444296196e-08, 0.0
4.956637758505671e-08, 0.0
4.963308872581721e-08, 0.0
4.9699799866577723e-08, 0.0
4.976651100733823e-08, 0.0
4.983322214809874e-08, 0.0
4.9899933288859244e-08, 0.0
4.996664442961975e-08, 0.0
5.0033355570380253e-08, 0.0
5.0100066711140765e-08, 0.0
5.016677785190127e-08, 0.0
5.023348899266178e-08, 0.0
5.0300200133422285e-08, 0.0
5.0366911274182797e-08, 0.0
5.0433622414943295e-08, 0.0
5.0500333555703806e-08, 0.0
5.056704469646431e-08, 0.0
5.063375583722482e-08, 0.0
5.0700466977985327e-08, 0.0
5.076717811874584e-08, 0.0
5.0833889259506336e-08, 0.0
5.090060040026685e-08, 0.0
5.096731154102735e-08, 0.0
5.103402268178786e-08, 0.0
5.110073382254837e-08, 0.0
5.116744496330888e-08, 0.0
5.123415610406939e-08, 0.0
5.130086724482989e-08, 0.0
5.13675783855904e-08, 0.0
5.1434289526350904e-08, 0.0
5.1501000667111416e-08, 0.0
5.156771180787192e-08, 0.0
5.163442294863243e-08, 0.0
5.1701134089392936e-08, 0.0
5.176784523015344e-08, 0.0
5.1834556370913946e-08, 0.0
5.190126751167446e-08, 0.0
5.196797865243496e-08, 0.0
5.203468979319547e-08, 0.0
5.210140093395598e-08, 0.0
5.216811207471649e-08, 0.0
5.223482321547699e-08, 0.0
5.23015343562375e-08, 0.0
5.2368245496998e-08, 0.0
5.2434956637758514e-08, 0.0
5.250166777851902e-08, 0.0
5.256837891927953e-08, 0.0
5.263509006004003e-08, 0.0
5.270180120080054e-08, 0.0
5.2768512341561044e-08, 0.0
5.2835223482321555e-08, 0.0
5.290193462308206e-08, 0.0
5.296864576384257e-08, 0.0
5.3035356904603076e-08, 0.0
5.310206804536358e-08, 0.0
5.3168779186124085e-08, 0.0
5.3235490326884596e-08, 0.0
5.33022014676451e-08, 0.0
5.336891260840561e-08, 0.0
5.343562374916612e-08, 0.0
5.350233488992663e-08, 0.0
5.3569046030687126e-08, 0.0
5.363575717144764e-08, 0.0
5.370246831220814e-08, 0.0
5.3769179452968654e-08, 0.0
5.383589059372916e-08, 0.0
5.390260173448967e-08, 0.0
5.3969312875250174e-08, 0.0
5.403602401601068e-08, 0.0
5.4102735156771184e-08, 0.0
5.4169446297531695e-08, 0.0
5.42361574382922e-08, 0.0
5.430286857905271e-08, 0.0
5.4369579719813216e-08, 0.0
5.443629086057373e-08, 0.0
5.4503002001334225e-08, 0.0
5.4569713142094736e-08, 0.0
5.463642428285524e-08, 0.0
5.470313542361575e-08, 0.0
5.476984656437626e-08, 0.0
5.483655770513677e-08, 0.0
5.4903268845897266e-08, 0.0
5.496997998665778e-08, 0.0
5.503669112741828e-08, 0.0
5.5103402268178793e-08, 0.0
5.51701134089393e-08, 0.0
5.523682454969981e-08, 0.0
5.5303535690460314e-08, 0.0
5.537024683122082e-08, 0.0
5.543695797198132e-08, 0.0
5.5503669112741835e-08, 0.0
5.557038025350234e-08, 0.0
5.563709139426285e-08, 0.0
5.5703802535023355e-08, 0.0
5.5770513675783866e-08, 0.0
5.5837224816544364e-08, 0.0
5.5903935957304876e-08, 0.0
5.597064709806538e-08, 0.0
5.603735823882589e-08, 0.0
5.6104069379586396e-08, 0.0
5.617078052034691e-08, 0.0
5.623749166110741e-08, 0.0
5.630420280186792e-08, 0.0
5.637091394262842e-08, 0.0
5.643762508338893e-08, 0.0
5.650433622414944e-08, 0.0
5.657104736490995e-08, 0.0
5.6637758505670454e-08, 0.0
5.6704469646430965e-08, 0.0
5.677118078719146e-08, 0.0
5.6837891927951974e-08, 0.0
5.690460306871248e-08, 0.0
5.697131420947299e-08, 0.0
5.7038025350233495e-08, 0.0
5.7104736490994006e-08, 0.0
5.7171447631754504e-08, 0.0
5.7238158772515015e-08, 0.0
5.730486991327552e-08, 0.0
5.737158105403603e-08, 0.0
5.7438292194796536e-08, 0.0
5.750500333555705e-08, 0.0
5.757171447631755e-08, 0.0
5.7638425617078057e-08, 0.0
5.770513675783856e-08, 0.0
5.777184789859907e-08, 0.0
5.783855903935958e-08, 0.0
5.790527018012009e-08, 0.0
5.797198132088059e-08, 0.0
5.8038692461641105e-08, 0.0
5.81054036024016e-08, 0.0
5.8172114743162114e-08, 0.0
5.823882588392262e-08, 0.0
5.830553702468313e-08, 0.0
5.8372248165443634e-08, 0.0
5.8438959306204146e-08, 0.0
5.8505670446964644e-08, 0.0
5.8572381587725155e-08, 0.0
5.863909272848566e-08, 0.0
5.870580386924617e-08, 0.0
5.8772515010006676e-08, 0.0
5.883922615076719e-08, 0.0
5.890593729152769e-08, 0.0
5.8972648432288196e-08, 0.0
5.90393595730487e-08, 0.0
5.910607071380921e-08, 0.0
5.917278185456972e-08, 0.0
5.923949299533023e-08, 0.0
5.930620413609073e-08, 0.0
5.9372915276851244e-08, 0.0
5.943962641761174e-08, 0.0
5.9506337558372253e-08, 0.0
5.957304869913276e-08, 0.0
5.963975983989328e-08, 0.0
5.970647098065377e-08, 0.0
5.977318212141429e-08, 0.0
5.983989326217478e-08, 0.0
5.99066044029353e-08, 0.0
5.99733155436958e-08, 0.0
6.004002668445632e-08, 0.0
6.010673782521682e-08, 0.0
6.017344896597733e-08, 0.0
6.024016010673782e-08, 0.0
6.030687124749834e-08, 0.0
6.037358238825885e-08, 0.0
6.044029352901936e-08, 0.0
6.050700466977986e-08, 0.0
6.057371581054037e-08, 0.0
6.064042695130087e-08, 0.0
6.070713809206138e-08, 0.0
6.077384923282189e-08, 0.0
6.08405603735824e-08, 0.0
6.09072715143429e-08, 0.0
6.097398265510341e-08, 0.0
6.104069379586391e-08, 0.0
6.110740493662442e-08, 0.0
6.117411607738493e-08, 0.0
6.124082721814544e-08, 0.0
6.130753835890594e-08, 0.0
6.137424949966645e-08, 0.0
6.144096064042695e-08, 0.0
6.150767178118746e-08, 0.0
6.157438292194797e-08, 0.0
6.164109406270848e-08, 0.0
6.170780520346898e-08, 0.0
6.177451634422949e-08, 0.0
6.184122748499e-08, 0.0
6.19079386257505e-08, 0.0
6.197464976651101e-08, 0.0
6.204136090727152e-08, 0.0
6.210807204803202e-08, 0.0
6.217478318879253e-08, 0.0
6.224149432955304e-08, 0.0
6.230820547031356e-08, 0.0
6.237491661107405e-08, 0.0
6.244162775183456e-08, 0.0
6.250833889259506e-08, 0.0
6.257505003335557e-08, 0.0
6.264176117411609e-08, 0.0
6.27084723148766e-08, 0.0
6.27751834556371e-08, 0.0
6.28418945963976e-08, 0.0
6.29086057371581e-08, 0.0
6.297531687791862e-08, 0.0
6.304202801867913e-08, 0.0
6.310873915943964e-08, 0.0
6.317545030020014e-08, 0.0
6.324216144096065e-08, 0.0
6.330887258172115e-08, 0.0
6.337558372248166e-08, 0.0
6.344229486324217e-08, 0.0
6.350900600400268e-08, 0.0
6.357571714476318e-08, 0.0
6.364242828552369e-08, 0.0
6.370913942628419e-08, 0.0
6.37758505670447e-08, 0.0
6.384256170780521e-08, 0.0
6.390927284856572e-08, 0.0
6.397598398932622e-08, 0.0
6.404269513008673e-08, 0.0
6.410940627084724e-08, 0.0
6.417611741160774e-08, 0.0
6.424282855236825e-08, 0.0
6.430953969312876e-08, 0.0
6.437625083388926e-08, 0.0
6.444296197464977e-08, 0.0
6.450967311541028e-08, 0.0
6.45763842561708e-08, 0.0
6.464309539693129e-08, 0.0
6.470980653769179e-08, 0.0
6.477651767845231e-08, 0.0
6.484322881921281e-08, 0.0
6.490993995997332e-08, 0.0
6.497665110073382e-08, 0.0
6.504336224149435e-08, 0.0
6.511007338225484e-08, 0.0
6.517678452301534e-08, 0.0
6.524349566377585e-08, 0.0
6.531020680453636e-08, 0.0
6.537691794529688e-08, 0.0
6.544362908605737e-08, 0.0
6.551034022681787e-08, 0.0
6.55770513675784e-08, 0.0
6.56437625083389e-08, 0.0
6.57104736490994e-08, 0.0
6.57771847898599e-08, 0.0
6.584389593062043e-08, 0.0
6.591060707138093e-08, 0.0
6.597731821214142e-08, 0.0
6.604402935290194e-08, 0.0
6.611074049366245e-08, 0.0
6.617745163442296e-08, 0.0
6.624416277518346e-08, 0.0
6.631087391594397e-08, 0.0
6.637758505670448e-08, 0.0
6.644429619746498e-08, 0.0
6.651100733822549e-08, 0.0
6.657771847898599e-08, 0.0
6.664442961974651e-08, 0.0
6.671114076050701e-08, 0.0
6.677785190126752e-08, 0.0
6.684456304202802e-08, 0.0
6.691127418278853e-08, 0.0
6.697798532354904e-08, 0.0
6.704469646430954e-08, 0.0
6.711140760507005e-08, 0.0
6.717811874583056e-08, 0.0
6.724482988659107e-08, 0.0
6.731154102735157e-08, 0.0
6.737825216811207e-08, 0.0
6.744496330887259e-08, 0.0
6.751167444963309e-08, 0.0
6.75783855903936e-08, 0.0
6.76450967311541e-08, 0.0
6.771180787191463e-08, 0.0
6.777851901267512e-08, 0.0
6.784523015343562e-08, 0.0
6.791194129419613e-08, 0.0
6.797865243495664e-08, 0.0
6.804536357571716e-08, 0.0
6.811207471647765e-08, 0.0
6.817878585723816e-08, 0.0
6.824549699799868e-08, 0.0
6.831220813875917e-08, 0.0
6.837891927951969e-08, 0.0
6.84456304202802e-08, 0.0
6.851234156104071e-08, 0.0
6.85790527018012e-08, 0.0
6.864576384256172e-08, 0.0
6.871247498332223e-08, 0.0
6.877918612408273e-08, 0.0
6.884589726484324e-08, 0.0
6.891260840560374e-08, 0.0
6.897931954636426e-08, 0.0
6.904603068712476e-08, 0.0
6.911274182788527e-08, 0.0
6.917945296864577e-08, 0.0
6.924616410940628e-08, 0.0
6.931287525016679e-08, 0.0
6.937958639092729e-08, 0.0
6.94462975316878e-08, 0.0
6.951300867244831e-08, 0.0
6.957971981320882e-08, 0.0
6.964643095396932e-08, 0.0
6.971314209472982e-08, 0.0
6.977985323549034e-08, 0.0
6.984656437625084e-08, 0.0
6.991327551701135e-08, 0.0
6.997998665777185e-08, 0.0
7.004669779853237e-08, 0.0
7.011340893929287e-08, 0.0
7.018012008005337e-08, 0.0
7.024683122081388e-08, 0.0
7.031354236157439e-08, 0.0
7.03802535023349e-08, 0.0
7.04469646430954e-08, 0.0
7.05136757838559e-08, 0.0
7.058038692461643e-08, 0.0
7.064709806537692e-08, 0.0
7.071380920613743e-08, 0.0
7.078052034689793e-08, 0.0
7.084723148765846e-08, 0.0
7.091394262841896e-08, 0.0
7.098065376917945e-08, 0.0
7.104736490993996e-08, 0.0
7.111407605070048e-08, 0.0
7.118078719146099e-08, 0.0
7.124749833222149e-08, 0.0
7.1314209472982e-08, 0.0
7.138092061374251e-08, 0.0
7.1447631754503e-08, 0.0
7.151434289526352e-08, 0.0
7.158105403602401e-08, 0.0
7.164776517678454e-08, 0.0
7.171447631754504e-08, 0.0
7.178118745830555e-08, 0.0
7.184789859906605e-08, 0.0
7.191460973982656e-08, 0.0
7.198132088058707e-08, 0.0
7.204803202134757e-08, 0.0
7.211474316210808e-08, 0.0
7.218145430286859e-08, 0.0
7.22481654436291e-08, 0.0
7.23148765843896e-08, 0.0
7.23815877251501e-08, 0.0
7.244829886591062e-08, 0.0
7.251501000667112e-08, 0.0
7.258172114743163e-08, 0.0
7.264843228819213e-08, 0.0
7.271514342895265e-08, 0.0
7.278185456971315e-08, 0.0
7.284856571047365e-08, 0.0
7.291527685123416e-08, 0.0
7.298198799199467e-08, 0.0
7.304869913275518e-08, 0.0
7.311541027351568e-08, 0.0
7.318212141427618e-08, 0.0
7.32488325550367e-08, 0.0
7.33155436957972e-08, 0.0
7.338225483655771e-08, 0.0
7.344896597731821e-08, 0.0
7.351567711807874e-08, 0.0
7.358238825883923e-08, 0.0
7.364909939959973e-08, 0.0
7.371581054036024e-08, 0.0
7.378252168112076e-08, 0.0
7.384923282188127e-08, 0.0
7.391594396264176e-08, 0.0
7.398265510340228e-08, 0.0
7.404936624416279e-08, 0.0
7.411607738492328e-08, 0.0
7.41827885256838e-08, 0.0
7.42494996664443e-08, 0.0
7.431621080720482e-08, 0.0
7.438292194796532e-08, 0.0
7.444963308872583e-08, 0.0
7.451634422948633e-08, 0.0
7.458305537024684e-08, 0.0
7.464976651100735e-08, 0.0
7.471647765176785e-08, 0.0
7.478318879252836e-08, 0.0
7.484989993328887e-08, 0.0
7.491661107404938e-08, 0.0
7.498332221480988e-08, 0.0
7.505003335557038e-08, 0.0
7.51167444963309e-08, 0.0
7.51834556370914e-08, 0.0
7.525016677785191e-08, 0.0
7.531687791861241e-08, 0.0
7.538358905937293e-08, 0.0
7.545030020013343e-08, 0.0
7.551701134089393e-08, 0.0
7.558372248165444e-08, 0.0
7.565043362241495e-08, 0.0
7.571714476317546e-08, 0.0
7.578385590393596e-08, 0.0
7.585056704469647e-08, 0.0
7.591727818545698e-08, 0.0
7.598398932621748e-08, 0.0
7.605070046697799e-08, 0.0
7.611741160773849e-08, 0.0
7.618412274849902e-08, 0.0
7.625083388925951e-08, 0.0
7.631754503002002e-08, 0.0
7.638425617078052e-08, 0.0
7.645096731154103e-08, 0.0
7.651767845230155e-08, 0.0
7.658438959306204e-08, 0.0
7.665110073382255e-08, 0.0
7.671781187458307e-08, 0.0
7.678452301534358e-08, 0.0
7.685123415610408e-08, 0.0
7.691794529686457e-08, 0.0
7.69846564376251e-08, 0.0
7.70513675783856e-08, 0.0
7.711807871914611e-08, 0.0
7.71847898599066e-08, 0.0
7.725150100066713e-08, 0.0
7.731821214142763e-08, 0.0
7.738492328218813e-08, 0.0
7.745163442294864e-08, 0.0
7.751834556370915e-08, 0.0
7.758505670446966e-08, 0.0
7.765176784523016e-08, 0.0
7.771847898599066e-08, 0.0
7.778519012675118e-08, 0.0
7.785190126751168e-08, 0.0
7.791861240827219e-08, 0.0
7.798532354903269e-08, 0.0
7.805203468979321e-08, 0.0
7.811874583055371e-08, 0.0
7.818545697131421e-08, 0.0
7.825216811207472e-08, 0.0
7.831887925283523e-08, 0.0
7.838559039359574e-08, 0.0
7.845230153435624e-08, 0.0
7.851901267511675e-08, 0.0
7.858572381587726e-08, 0.0
7.865243495663776e-08, 0.0
7.871914609739827e-08, 0.0
7.878585723815877e-08, 0.0
7.88525683789193e-08, 0.0
7.891927951967979e-08, 0.0
7.89859906604403e-08, 0.0
7.90527018012008e-08, 0.0
7.911941294196131e-08, 0.0
7.918612408272182e-08, 0.0
7.925283522348232e-08, 0.0
7.931954636424283e-08, 0.0
7.938625750500335e-08, 0.0
7.945296864576386e-08, 0.0
7.951967978652435e-08, 0.0
7.958639092728485e-08, 0.0
7.965310206804538e-08, 0.0
7.971981320880588e-08, 0.0
7.978652434956639e-08, 0.0
7.985323549032688e-08, 0.0
7.991994663108741e-08, 0.0
7.998665777184791e-08, 0.0
8.00533689126084e-08, 0.0
8.012008005336892e-08, 0.0
8.018679119412943e-08, 0.0
8.025350233488994e-08, 0.0
8.032021347565044e-08, 0.0
8.038692461641095e-08, 0.0
8.045363575717146e-08, 0.0
8.052034689793196e-08, 0.0
8.058705803869247e-08, 0.0
8.065376917945297e-08, 0.0
8.072048032021349e-08, 0.0
8.078719146097399e-08, 0.0
8.08539026017345e-08, 0.0
8.0920613742495e-08, 0.0
8.098732488325551e-08, 0.0
8.105403602401602e-08, 0.0
8.112074716477652e-08, 0.0
8.118745830553703e-08, 0.0
8.125416944629754e-08, 0.0
8.132088058705805e-08, 0.0
8.138759172781855e-08, 0.0
8.145430286857905e-08, 0.0
8.152101400933957e-08, 0.0
8.158772515010007e-08, 0.0
8.165443629086058e-08, 0.0
8.172114743162108e-08, 0.0
8.17878585723816e-08, 0.0
8.18545697131421e-08, 0.0
8.19212808539026e-08, 0.0
8.198799199466311e-08, 0.0
8.205470313542362e-08, 0.0
8.212141427618414e-08, 0.0
8.218812541694463e-08, 0.0
8.225483655770513e-08, 0.0
8.232154769846566e-08, 0.0
8.238825883922615e-08, 0.0
8.245496997998667e-08, 0.0
8.252168112074716e-08, 0.0
8.258839226150769e-08, 0.0
8.265510340226819e-08, 0.0
8.272181454302868e-08, 0.0
8.27885256837892e-08, 0.0
8.285523682454971e-08, 0.0
8.292194796531022e-08, 0.0
8.298865910607072e-08, 0.0
8.305537024683123e-08, 0.0
8.312208138759174e-08, 0.0
8.318879252835224e-08, 0.0
8.325550366911275e-08, 0.0
8.332221480987325e-08, 0.0
8.338892595063377e-08, 0.0
8.345563709139427e-08, 0.0
8.352234823215478e-08, 0.0
8.358905937291528e-08, 0.0
8.365577051367579e-08, 0.0
8.37224816544363e-08, 0.0
8.37891927951968e-08, 0.0
8.385590393595731e-08, 0.0
8.392261507671782e-08, 0.0
8.398932621747833e-08, 0.0
8.405603735823883e-08, 0.0
8.412274849899933e-08, 0.0
8.418945963975985e-08, 0.0
8.425617078052035e-08, 0.0
8.432288192128086e-08, 0.0
8.438959306204136e-08, 0.0
8.445630420280189e-08, 0.0
8.452301534356238e-08, 0.0
8.458972648432288e-08, 0.0
8.465643762508339e-08, 0.0
8.47231487658439e-08, 0.0
8.478985990660442e-08, 0.0
8.485657104736491e-08, 0.0
8.492328218812541e-08, 0.0
8.498999332888594e-08, 0.0
8.505670446964643e-08, 0.0
8.512341561040695e-08, 0.0
8.519012675116744e-08, 0.0
8.525683789192797e-08, 0.0
8.532354903268847e-08, 0.0
8.539026017344896e-08, 0.0
8.545697131420949e-08, 0.0
8.552368245496999e-08, 0.0
8.55903935957305e-08, 0.0
8.5657104736491e-08, 0.0
8.572381587725152e-08, 0.0
8.579052701801202e-08, 0.0
8.585723815877252e-08, 0.0
8.592394929953303e-08, 0.0
8.599066044029354e-08, 0.0
8.605737158105405e-08, 0.0
8.612408272181455e-08, 0.0
8.619079386257506e-08, 0.0
8.625750500333557e-08, 0.0
8.632421614409607e-08, 0.0
8.639092728485658e-08, 0.0
8.645763842561708e-08, 0.0
8.65243495663776e-08, 0.0
8.65910607071381e-08, 0.0
8.665777184789861e-08, 0.0
8.672448298865911e-08, 0.0
8.679119412941962e-08, 0.0
8.685790527018013e-08, 0.0
8.692461641094063e-08, 0.0
8.699132755170114e-08, 0.0
8.705803869246165e-08, 0.0
8.712474983322216e-08, 0.0
8.719146097398266e-08, 0.0
8.725817211474316e-08, 0.0
8.732488325550369e-08, 0.0
8.739159439626418e-08, 0.0
8.74583055370247e-08, 0.0
8.752501667778519e-08, 0.0
8.759172781854572e-08, 0.0
8.765843895930622e-08, 0.0
8.772515010006671e-08, 0.0
8.779186124082722e-08, 0.0
8.785857238158774e-08, 0.0
8.792528352234825e-08, 0.0
8.799199466310875e-08, 0.0
8.805870580386926e-08, 0.0
8.812541694462977e-08, 0.0
8.819212808539027e-08, 0.0
8.825883922615078e-08, 0.0
8.832555036691128e-08, 0.0
8.83922615076718e-08, 0.0
8.84589726484323e-08, 0.0
8.852568378919281e-08, 0.0
8.859239492995331e-08, 0.0
8.865910607071382e-08, 0.0
8.872581721147433e-08, 0.0
8.879252835223483e-08, 0.0
8.885923949299534e-08, 0.0
8.892595063375585e-08, 0.0
8.899266177451636e-08, 0.0
8.905937291527686e-08, 0.0
8.912608405603736e-08, 0.0
8.919279519679788e-08, 0.0
8.925950633755838e-08, 0.0
8.932621747831889e-08, 0.0
8.939292861907939e-08, 0.0
8.945963975983991e-08, 0.0
8.952635090060041e-08, 0.0
8.959306204136091e-08, 0.0
8.965977318212142e-08, 0.0
8.972648432288193e-08, 0.0
8.979319546364244e-08, 0.0
8.985990660440294e-08, 0.0
8.992661774516344e-08, 0.0
8.999332888592396e-08, 0.0
9.006004002668446e-08, 0.0
9.012675116744497e-08, 0.0
9.019346230820547e-08, 0.0
9.0260173448966e-08, 0.0
9.03268845897265e-08, 0.0
9.039359573048699e-08, 0.0
9.04603068712475e-08, 0.0
9.052701801200802e-08, 0.0
9.059372915276853e-08, 0.0
9.066044029352902e-08, 0.0
9.072715143428954e-08, 0.0
9.079386257505005e-08, 0.0
9.086057371581055e-08, 0.0
9.092728485657106e-08, 0.0
9.099399599733155e-08, 0.0
9.106070713809208e-08, 0.0
9.112741827885258e-08, 0.0
9.119412941961309e-08, 0.0
9.126084056037359e-08, 0.0
9.13275517011341e-08, 0.0
9.139426284189461e-08, 0.0
9.146097398265511e-08, 0.0
9.152768512341562e-08, 0.0
9.159439626417613e-08, 0.0
9.166110740493664e-08, 0.0
9.172781854569714e-08, 0.0
9.179452968645764e-08, 0.0
9.186124082721816e-08, 0.0
9.192795196797866e-08, 0.0
9.199466310873917e-08, 0.0
9.206137424949967e-08, 0.0
9.21280853902602e-08, 0.0
9.219479653102069e-08, 0.0
9.226150767178119e-08, 0.0
9.23282188125417e-08, 0.0
9.239492995330221e-08, 0.0
9.246164109406272e-08, 0.0
9.252835223482322e-08, 0.0
9.259506337558372e-08, 0.0
9.266177451634424e-08, 0.0
9.272848565710474e-08, 0.0
9.279519679786525e-08, 0.0
9.286190793862575e-08, 0.0
9.292861907938628e-08, 0.0
9.299533022014677e-08, 0.0
9.306204136090727e-08, 0.0
9.312875250166778e-08, 0.0
9.31954636424283e-08, 0.0
9.32621747831888e-08, 0.0
9.33288859239493e-08, 0.0
9.339559706470982e-08, 0.0
9.346230820547033e-08, 0.0
9.352901934623082e-08, 0.0
9.359573048699134e-08, 0.0
9.366244162775183e-08, 0.0
9.372915276851236e-08, 0.0
9.379586390927286e-08, 0.0
9.386257505003337e-08, 0.0
9.392928619079387e-08, 0.0
9.399599733155439e-08, 0.0
9.406270847231489e-08, 0.0
9.412941961307539e-08, 0.0
9.41961307538359e-08, 0.0
9.426284189459641e-08, 0.0
9.432955303535692e-08, 0.0
9.439626417611742e-08, 0.0
9.446297531687792e-08, 0.0
9.452968645763844e-08, 0.0
9.459639759839894e-08, 0.0
9.466310873915945e-08, 0.0
9.472981987991995e-08, 0.0
9.479653102068047e-08, 0.0
9.486324216144097e-08, 0.0
9.492995330220147e-08, 0.0
9.499666444296198e-08, 0.0
9.506337558372249e-08, 0.0
9.5130086724483e-08, 0.0
9.51967978652435e-08, 0.0
9.526350900600401e-08, 0.0
9.533022014676452e-08, 0.0
9.539693128752502e-08, 0.0
9.546364242828553e-08, 0.0
9.553035356904603e-08, 0.0
9.559706470980656e-08, 0.0
9.566377585056705e-08, 0.0
9.573048699132756e-08, 0.0
9.579719813208806e-08, 0.0
9.586390927284857e-08, 0.0
9.593062041360909e-08, 0.0
9.599733155436958e-08, 0.0
9.60640426951301e-08, 0.0
9.61307538358906e-08, 0.0
9.619746497665112e-08, 0.0
9.626417611741162e-08, 0.0
9.633088725817211e-08, 0.0
9.639759839893264e-08, 0.0
9.646430953969314e-08, 0.0
9.653102068045365e-08, 0.0
9.659773182121414e-08, 0.0
9.666444296197467e-08, 0.0
9.673115410273517e-08, 0.0
9.679786524349567e-08, 0.0
9.686457638425618e-08, 0.0
9.693128752501669e-08, 0.0
9.69979986657772e-08, 0.0
9.70647098065377e-08, 0.0
9.71314209472982e-08, 0.0
9.719813208805872e-08, 0.0
9.726484322881922e-08, 0.0
9.733155436957973e-08, 0.0
9.739826551034023e-08, 0.0
9.746497665110075e-08, 0.0
9.753168779186125e-08, 0.0
9.759839893262175e-08, 0.0
9.766511007338226e-08, 0.0
9.773182121414277e-08, 0.0
9.779853235490328e-08, 0.0
9.786524349566378e-08, 0.0
9.793195463642429e-08, 0.0
9.79986657771848e-08, 0.0
9.80653769179453e-08, 0.0
9.813208805870581e-08, 0.0
9.819879919946631e-08, 0.0
9.826551034022683e-08, 0.0
9.833222148098733e-08, 0.0
9.839893262174784e-08, 0.0
9.846564376250834e-08, 0.0
9.853235490326885e-08, 0.0
9.859906604402936e-08, 0.0
9.866577718478986e-08, 0.0
9.873248832555037e-08, 0.0
9.879919946631089e-08, 0.0
9.88659106070714e-08, 0.0
9.89326217478319e-08, 0.0
9.899933288859239e-08, 0.0
9.906604402935292e-08, 0.0
9.913275517011341e-08, 0.0
9.919946631087393e-08, 0.0
9.926617745163442e-08, 0.0
9.933288859239495e-08, 0.0
9.939959973315545e-08, 0.0
9.946631087391594e-08, 0.0
9.953302201467646e-08, 0.0
9.959973315543697e-08, 0.0
9.966644429619748e-08, 0.0
9.973315543695798e-08, 0.0
9.979986657771849e-08, 0.0
9.9866577718479e-08, 0.0
9.99332888592395e-08, 0.0
1.0000000000000001e-07, 0.0
