0.000000000000000000e+00,-0.000000000000000000e+00
6.671114076050700571e-11,-2.728078454544122819e-04
1.334222815210140114e-10,-5.082406387093265027e-04
2.001334222815210559e-10,-7.111008405040089402e-04
2.668445630420280228e-10,-8.854116024805788916e-04
3.335557038025350156e-10,-1.034588001326293373e-03
4.002668445630421118e-10,-1.161563769578196530e-03
4.669779853235491046e-10,-1.268885676700289098e-03
5.336891260840560457e-10,-1.358784383447632837e-03
6.004002668445630902e-10,-1.433228166854573493e-03
6.671114076050700313e-10,-1.493964149051936344e-03
7.338225483655770758e-10,-1.542550382010497191e-03
8.005336891260842236e-10,-1.580381211412306992e-03
8.672448298865911647e-10,-1.608707670418281889e-03
9.339559706470982092e-10,-1.628654168128248949e-03
1.000667111407605150e-09,-1.641232386905375857e-03
1.067378252168112091e-09,-1.647353050189639826e-03
1.134089392928619239e-09,-1.647836040817068871e-03
1.200800533689126180e-09,-1.643419219463791020e-03
1.267511674449633121e-09,-1.634766199328011732e-03
1.334222815210140063e-09,-1.622473266175557217e-03
1.400933955970647210e-09,-1.607075584905442566e-03
1.467645096731154152e-09,-1.589052799429525268e-03
1.534356237491661093e-09,-1.568834108009159629e-03
1.601067378252168447e-09,-1.546802878454595206e-03
1.667778519012675388e-09,-1.523300854766340392e-03
1.734489659773182329e-09,-1.498631997451317990e-03
1.801200800533689271e-09,-1.473065992862031054e-03
1.867911941294196418e-09,-1.446841461761756362e-03
1.934623082054703153e-09,-1.420168893402166347e-03
2.001334222815210301e-09,-1.393233328352301960e-03
2.068045363575717448e-09,-1.366196810887094527e-03
2.134756504336224183e-09,-1.339200629753642055e-03
2.201467645096731331e-09,-1.312367364461602438e-03
2.268178785857238479e-09,-1.285802752805457897e-03
2.334889926617745213e-09,-1.259597394062499749e-03
2.401601067378252361e-09,-1.233828301180681488e-03
2.468312208138759509e-09,-1.208560314247226781e-03
2.535023348899266243e-09,-1.183847386592786237e-03
2.601734489659773391e-09,-1.159733754023568224e-03
2.668445630420280125e-09,-1.136254996875782179e-03
2.735156771180787273e-09,-1.113439003845974893e-03
2.801867911941294421e-09,-1.091306845862243099e-03
2.868579052701801155e-09,-1.069873567620850110e-03
2.935290193462308303e-09,-1.049148903817069111e-03
3.002001334222815451e-09,-1.029137926545283053e-03
3.068712474983322185e-09,-1.009841629828926680e-03
3.135423615743829333e-09,-9.912574567633744647e-04
3.202134756504336895e-09,-9.733797743121536941e-04
3.268845897264843629e-09,-9.562003003867805941e-04
3.335557038025350777e-09,-9.397084874610138645e-04
3.402268178785857925e-09,-9.238918666195130571e-04
3.468979319546364659e-09,-9.087363556168432050e-04
3.535690460306871807e-09,-8.942265342237435029e-04
3.602401601067378541e-09,-8.803458898618477706e-04
3.669112741827885689e-09,-8.670770362739884307e-04
3.735823882588392837e-09,-8.544019077432925009e-04
3.802535023348899985e-09,-8.423019311590523688e-04
3.869246164109406305e-09,-8.307581780294181562e-04
3.935957304869913453e-09,-8.197514983590525580e-04
4.002668445630420601e-09,-8.092626381428125095e-04
4.069379586390927749e-09,-7.992723420731123090e-04
4.136090727151434897e-09,-7.897614429178577075e-04
4.202801867911942045e-09,-7.807109388967309761e-04
4.269513008672448366e-09,-7.721020602652382088e-04
4.336224149432955513e-09,-7.639163262074466975e-04
4.402935290193462661e-09,-7.561355930389864182e-04
4.469646430953969809e-09,-7.487420946308990860e-04
4.536357571714476957e-09,-7.417184758816569318e-04
4.603068712474983278e-09,-7.350478199884806106e-04
4.669779853235490426e-09,-7.287136701994302145e-04
4.736490993995997574e-09,-7.227000466640501764e-04
4.803202134756504721e-09,-7.169914589421692548e-04
4.869913275517011869e-09,-7.115729146773059526e-04
4.936624416277519017e-09,-7.064299248926180679e-04
5.003335557038025338e-09,-7.015485063230691640e-04
5.070046697798532486e-09,-6.969151811571003795e-04
5.136757838559039634e-09,-6.925169745242991566e-04
5.203468979319546782e-09,-6.883414100320154770e-04
5.270180120080053929e-09,-6.843765036233367136e-04
5.336891260840560250e-09,-6.806107560010465993e-04
5.403602401601067398e-09,-6.770331438368951474e-04
5.470313542361574546e-09,-6.736331099625447998e-04
5.537024683122081694e-09,-6.704005527176594339e-04
5.603735823882588842e-09,-6.673258146116640109e-04
5.670446964643095990e-09,-6.643996704384948476e-04
5.737158105403602310e-09,-6.616133149680793104e-04
5.803869246164109458e-09,-6.589583503241627609e-04
5.870580386924616606e-09,-6.564267731453181593e-04
5.937291527685123754e-09,-6.540109616144229717e-04
6.004002668445630902e-09,-6.517036624314486749e-04
6.070713809206137223e-09,-6.494979777949886051e-04
6.137424949966644370e-09,-6.473873524494561495e-04
6.204136090727151518e-09,-6.453655608472465320e-04
6.270847231487658666e-09,-6.434266944682723874e-04
6.337558372248165814e-09,-6.415651493331156171e-04
6.404269513008673789e-09,-6.397756137404995904e-04
6.470980653769180110e-09,-6.380530562548241205e-04
6.537691794529687258e-09,-6.363927139650878443e-04
6.604402935290194406e-09,-6.347900810325547835e-04
6.671114076050701553e-09,-6.332408975410176114e-04
6.737825216811208701e-09,-6.317411386603748570e-04
6.804536357571715849e-09,-6.302870041314780286e-04
6.871247498332222170e-09,-6.288749080777509843e-04
6.937958639092729318e-09,-6.275014691469362870e-04
7.004669779853236466e-09,-6.261635009844240861e-04
7.071380920613743614e-09,-6.248580030379728137e-04
7.138092061374250761e-09,-6.235821516921833578e-04
7.204803202134757082e-09,-6.223332917298475065e-04
7.271514342895264230e-09,-6.211089281162174422e-04
7.338225483655771378e-09,-6.199067181013210659e-04
7.404936624416278526e-09,-6.187244636346773833e-04
7.471647765176785674e-09,-6.175601040861065580e-04
7.538358905937291994e-09,-6.164117092657949446e-04
7.605070046697799969e-09,-6.152774727363296940e-04
7.671781187458306290e-09,-6.141557054090686319e-04
7.738492328218812611e-09,-6.130448294169359375e-04
7.805203468979320586e-09,-6.119433722555352000e-04
7.871914609739826907e-09,-6.108499611843206181e-04
7.938625750500334882e-09,-6.097633178794976093e-04
8.005336891260841202e-09,-6.086822533302634888e-04
8.072048032021349177e-09,-6.076056629700214316e-04
8.138759172781855498e-09,-6.065325220342273824e-04
8.205470313542361819e-09,-6.054618811366069926e-04
8.272181454302869794e-09,-6.043928620555763737e-04
8.338892595063376115e-09,-6.033246537228192843e-04
8.405603735823884090e-09,-6.022565084061188689e-04
8.472314876584390410e-09,-6.011877380786979745e-04
8.539026017344896731e-09,-6.001177109674888212e-04
8.605737158105404706e-09,-5.990458482729458991e-04
8.672448298865911027e-09,-5.979716210531963762e-04
8.739159439626419002e-09,-5.968945472655279739e-04
8.805870580386925323e-09,-5.958141889584158205e-04
8.872581721147431643e-09,-5.947301496074973090e-04
8.939292861907939618e-09,-5.936420715891104188e-04
9.006004002668445939e-09,-5.925496337852336533e-04
9.072715143428953914e-09,-5.914525493138547262e-04
9.139426284189460235e-09,-5.903505633790306125e-04
9.206137424949966556e-09,-5.892434512350885022e-04
9.272848565710474531e-09,-5.881310162596352234e-04
9.339559706470980851e-09,-5.870130881302394873e-04
9.406270847231488826e-09,-5.858895210998531829e-04
9.472981987991995147e-09,-5.847601923662332181e-04
9.539693128752503122e-09,-5.836250005308138335e-04
9.606404269513009443e-09,-5.824838641426673212e-04
9.673115410273515764e-09,-5.813367203233753885e-04
9.739826551034023739e-09,-5.801835234688023334e-04
9.806537691794530059e-09,-5.790242440239425775e-04
9.873248832555038034e-09,-5.778588673271742695e-04
9.939959973315544355e-09,-5.766873925204121050e-04
1.000667111407605068e-08,-5.755098315218146014e-04
1.007338225483655865e-08,-5.743262080578423337e-04
1.014009339559706497e-08,-5.731365567516170543e-04
1.020680453635757295e-08,-5.719409222646659524e-04
1.027351567711807927e-08,-5.707393584892730010e-04
1.034022681787858559e-08,-5.695319277887897708e-04
1.040693795863909356e-08,-5.683187002833772414e-04
1.047364909939959988e-08,-5.670997531787810072e-04
1.054036024016010786e-08,-5.658751701358427774e-04
1.060707138092061418e-08,-5.646450406785741283e-04
1.067378252168112050e-08,-5.634094596387196219e-04
1.074049366244162848e-08,-5.621685266348312726e-04
1.080720480320213480e-08,-5.609223455839877984e-04
1.087391594396264277e-08,-5.596710242443700498e-04
1.094062708472314909e-08,-5.584146737870019110e-04
1.100733822548365707e-08,-5.571534083950479329e-04
1.107404936624416339e-08,-5.558873448891398427e-04
1.114076050700466971e-08,-5.546166023772821328e-04
1.120747164776517768e-08,-5.533413019279614193e-04
1.127418278852568400e-08,-5.520615662651515891e-04
1.134089392928619198e-08,-5.507775194839782023e-04
1.140760507004669830e-08,-5.494892867858692598e-04
1.147431621080720462e-08,-5.481969942320734411e-04
1.154102735156771260e-08,-5.469007685144984705e-04
1.160773849232821892e-08,-5.456007367428619562e-04
1.167444963308872689e-08,-5.442970262472142644e-04
1.174116077384923321e-08,-5.429897643949324572e-04
1.180787191460973953e-08,-5.416790784213364705e-04
1.187458305537024751e-08,-5.403650952731264183e-04
1.194129419613075383e-08,-5.390479414638764399e-04
1.200800533689126180e-08,-5.377277429408691949e-04
1.207471647765176812e-08,-5.364046249625856796e-04
1.214142761841227445e-08,-5.350787119862119873e-04
1.220813875917278242e-08,-5.337501275645495716e-04
1.227484989993328874e-08,-5.324189942517560097e-04
1.234156104069379672e-08,-5.310854335173715657e-04
1.240827218145430304e-08,-5.297495656681198073e-04
1.247498332221481101e-08,-5.284115097769924354e-04
1.254169446297531733e-08,-5.270713836191669730e-04
1.260840560373582365e-08,-5.257293036143161503e-04
1.267511674449633163e-08,-5.243853847749097843e-04
1.274182788525683795e-08,-5.230397406601158036e-04
1.280853902601734758e-08,-5.216924833349405712e-04
1.287525016677785390e-08,-5.203437233342672000e-04
1.294196130753836022e-08,-5.189935696314630208e-04
1.300867244829886819e-08,-5.176421296112573974e-04
1.307538358905937452e-08,-5.162895090465983473e-04
1.314209472981988249e-08,-5.149358120792176755e-04
1.320880587058038881e-08,-5.135811412036521114e-04
1.327551701134089513e-08,-5.122255972544770448e-04
1.334222815210140311e-08,-5.108692793965281071e-04
1.340893929286190943e-08,-5.095122851178985257e-04
1.347565043362241740e-08,-5.081547102255090740e-04
1.354236157438292372e-08,-5.067966488430655433e-04
1.360907271514343170e-08,-5.054381934112245171e-04
1.367578385590393802e-08,-5.040794346897999392e-04
1.374249499666444434e-08,-5.027204617618578203e-04
1.380920613742495231e-08,-5.013613620395457760e-04
1.387591727818545864e-08,-5.000022212715245825e-04
1.394262841894596661e-08,-4.986431235518709940e-04
1.400933955970647293e-08,-4.972841513303259469e-04
1.407605070046697925e-08,-4.959253854237796223e-04
1.414276184122748723e-08,-4.945669050288832103e-04
1.420947298198799355e-08,-4.932087877356857884e-04
1.427618412274850152e-08,-4.918511095422056735e-04
1.434289526350900784e-08,-4.904939448698443071e-04
1.440960640426951416e-08,-4.891373665795640700e-04
1.447631754503002214e-08,-4.877814459887484387e-04
1.454302868579052846e-08,-4.864262528886765602e-04
1.460973982655103644e-08,-4.850718555625408487e-04
1.467645096731154276e-08,-4.837183208039480282e-04
1.474316210807204908e-08,-4.823657139358426891e-04
1.480987324883255705e-08,-4.810140988297980096e-04
1.487658438959306337e-08,-4.796635379256241477e-04
1.494329553035357135e-08,-4.783140922512455710e-04
1.501000667111407932e-08,-4.769658214428027605e-04
1.507671781187458399e-08,-4.756187837649381218e-04
1.514342895263509196e-08,-4.742730361312245762e-04
1.521014009339559994e-08,-4.729286341247060962e-04
1.527685123415610461e-08,-4.715856320185119670e-04
1.534356237491661258e-08,-4.702440827965182098e-04
1.541027351567712056e-08,-4.689040381740238058e-04
1.547698465643762522e-08,-4.675655486184203597e-04
1.554369579719813320e-08,-4.662286633698255515e-04
1.561040693795864117e-08,-4.648934304616614017e-04
1.567711807871914915e-08,-4.635598967411572397e-04
1.574382921947965381e-08,-4.622281078897545509e-04
1.581054036024016179e-08,-4.608981084434012900e-04
1.587725150100066976e-08,-4.595699418127149514e-04
1.594396264176117443e-08,-4.582436503030044763e-04
1.601067378252168240e-08,-4.569192751341331622e-04
1.607738492328219038e-08,-4.555968564602142249e-04
1.614409606404269835e-08,-4.542764333891258959e-04
1.621080720480320302e-08,-4.529580440018356993e-04
1.627751834556371100e-08,-4.516417253715288146e-04
1.634422948632421897e-08,-4.503275135825266992e-04
1.641094062708472364e-08,-4.490154437489934794e-04
1.647765176784523161e-08,-4.477055500334221937e-04
1.654436290860573959e-08,-4.463978656648940582e-04
1.661107404936624425e-08,-4.450924229571090202e-04
1.667778519012675223e-08,-4.437892533261791417e-04
1.674449633088726020e-08,-4.424883873081854649e-04
1.681120747164776818e-08,-4.411898545764916368e-04
1.687791861240827285e-08,-4.398936839588151598e-04
1.694462975316878082e-08,-4.385999034540500360e-04
1.701134089392928880e-08,-4.373085402488446514e-04
1.707805203468979346e-08,-4.360196207339278010e-04
1.714476317545030144e-08,-4.347331705201869733e-04
1.721147431621080941e-08,-4.334492144544954250e-04
1.727818545697131739e-08,-4.321677766352902692e-04
1.734489659773182205e-08,-4.308888804278984317e-04
1.741160773849233003e-08,-4.296125484796151930e-04
1.747831887925283800e-08,-4.283388027345333632e-04
1.754503002001334267e-08,-4.270676644481239586e-04
1.761174116077385065e-08,-4.257991542015714137e-04
1.767845230153435862e-08,-4.245332919158637647e-04
1.774516344229486329e-08,-4.232700968656383993e-04
1.781187458305537126e-08,-4.220095876927876005e-04
1.787858572381587924e-08,-4.207517824198232911e-04
1.794529686457638721e-08,-4.194966984630052573e-04
1.801200800533689188e-08,-4.182443526452332347e-04
1.807871914609739985e-08,-4.169947612087058901e-04
1.814543028685790783e-08,-4.157479398273508740e-04
1.821214142761841249e-08,-4.145039036190246431e-04
1.827885256837892047e-08,-4.132626671574881239e-04
1.834556370913942844e-08,-4.120242444841603312e-04
1.841227484989993311e-08,-4.107886491196501596e-04
1.847898599066044109e-08,-4.095558940750727438e-04
1.854569713142094906e-08,-4.083259918631509835e-04
1.861240827218145704e-08,-4.070989545091049456e-04
1.867911941294196170e-08,-4.058747935613341278e-04
1.874583055370246968e-08,-4.046535201018935631e-04
1.881254169446297765e-08,-4.034351447567669597e-04
1.887925283522348232e-08,-4.022196777059409457e-04
1.894596397598399029e-08,-4.010071286932831804e-04
1.901267511674449827e-08,-3.997975070362259605e-04
1.907938625750500624e-08,-3.985908216352596566e-04
1.914609739826551091e-08,-3.973870809832394510e-04
1.921280853902601889e-08,-3.961862931745069468e-04
1.927951967978652686e-08,-3.949884659138301200e-04
1.934623082054703153e-08,-3.937936065251661124e-04
1.941294196130753950e-08,-3.926017219602465406e-04
1.947965310206804748e-08,-3.914128188069925852e-04
1.954636424282855214e-08,-3.902269032977586684e-04
1.961307538358906012e-08,-3.890439813174111148e-04
1.967978652434956809e-08,-3.878640584112414184e-04
1.974649766511007607e-08,-3.866871397927206726e-04
1.981320880587058074e-08,-3.855132303510940277e-04
1.987991994663108871e-08,-3.843423346588218411e-04
1.994663108739159669e-08,-3.831744569788667629e-04
2.001334222815210135e-08,-3.820096012718332068e-04
2.008005336891260933e-08,-3.808477712029580153e-04
2.014676450967311730e-08,-3.796889701489586052e-04
2.021347565043362528e-08,-3.785332012047383250e-04
2.028018679119412994e-08,-3.773804671899545510e-04
2.034689793195463792e-08,-3.762307706554489828e-04
2.041360907271514589e-08,-3.750841138895451223e-04
2.048032021347565056e-08,-3.739404989242151077e-04
2.054703135423615853e-08,-3.727999275411169851e-04
2.061374249499666651e-08,-3.716624012775060493e-04
2.068045363575717118e-08,-3.705279214320236162e-04
2.074716477651767915e-08,-3.693964890703623047e-04
2.081387591727818713e-08,-3.682681050308146578e-04
2.088058705803869510e-08,-3.671427699297035319e-04
2.094729819879919977e-08,-3.660204841666991871e-04
2.101400933955970774e-08,-3.649012479300228610e-04
2.108072048032021572e-08,-3.637850612015424106e-04
2.114743162108072038e-08,-3.626719237617580705e-04
2.121414276184122836e-08,-3.615618351946847772e-04
2.128085390260173633e-08,-3.604547948926289480e-04
2.134756504336224100e-08,-3.593508020608649693e-04
2.141427618412274898e-08,-3.582498557222126446e-04
2.148098732488325695e-08,-3.571519547215158707e-04
2.154769846564376493e-08,-3.560570977300274225e-04
2.161440960640426959e-08,-3.549652832496985448e-04
2.168112074716477757e-08,-3.538765096173788799e-04
2.174783188792528554e-08,-3.527907750089244563e-04
2.181454302868579021e-08,-3.517080774432196442e-04
2.188125416944629818e-08,-3.506284147861114548e-04
2.194796531020680616e-08,-3.495517847542607887e-04
2.201467645096731413e-08,-3.484781849189096050e-04
2.208138759172781880e-08,-3.474076127095680213e-04
2.214809873248832678e-08,-3.463400654176219972e-04
2.221480987324883475e-08,-3.452755401998627914e-04
2.228152101400933942e-08,-3.442140340819409587e-04
2.234823215476984739e-08,-3.431555439617452663e-04
2.241494329553035537e-08,-3.421000666127090224e-04
2.248165443629086003e-08,-3.410475986870449019e-04
2.254836557705136801e-08,-3.399981367189090819e-04
2.261507671781187598e-08,-3.389516771274977774e-04
2.268178785857238396e-08,-3.379082162200759058e-04
2.274849899933288862e-08,-3.368677501949402658e-04
2.281521014009339660e-08,-3.358302751443191275e-04
2.288192128085390457e-08,-3.347957870572063912e-04
2.294863242161440924e-08,-3.337642818221379037e-04
2.301534356237491722e-08,-3.327357552299025061e-04
2.308205470313542519e-08,-3.317102029761988171e-04
2.314876584389592986e-08,-3.306876206642299994e-04
2.321547698465643783e-08,-3.296680038072451841e-04
2.328218812541694581e-08,-3.286513478310221312e-04
2.334889926617745378e-08,-3.276376480762980647e-04
2.341561040693795845e-08,-3.266268998011464066e-04
2.348232154769846642e-08,-3.256190981833010354e-04
2.354903268845897440e-08,-3.246142383224299662e-04
2.361574382921947907e-08,-3.236123152423586702e-04
2.368245496997998704e-08,-3.226133238932456346e-04
2.374916611074049502e-08,-3.216172591537084288e-04
2.381587725150100299e-08,-3.206241158329041800e-04
2.388258839226150766e-08,-3.196338886725635367e-04
2.394929953302201563e-08,-3.186465723489801793e-04
2.401601067378252361e-08,-3.176621614749563670e-04
2.408272181454302827e-08,-3.166806506017046823e-04
2.414943295530353625e-08,-3.157020342207088478e-04
2.421614409606404422e-08,-3.147263067655427997e-04
2.428285523682454889e-08,-3.137534626136489970e-04
2.434956637758505687e-08,-3.127834960880780234e-04
2.441627751834556484e-08,-3.118164014591892673e-04
2.448298865910607282e-08,-3.108521729463133284e-04
2.454969979986657748e-08,-3.098908047193781588e-04
2.461641094062708546e-08,-3.089322909004986657e-04
2.468312208138759343e-08,-3.079766255655303733e-04
2.474983322214809810e-08,-3.070238027455892576e-04
2.481654436290860607e-08,-3.060738164285373196e-04
2.488325550366911405e-08,-3.051266605604338448e-04
2.494996664442962202e-08,-3.041823290469564123e-04
2.501667778519012669e-08,-3.032408157547873185e-04
2.508338892595063466e-08,-3.023021145129715947e-04
2.515010006671114264e-08,-3.013662191142420102e-04
2.521681120747164731e-08,-3.004331233163160496e-04
2.528352234823215528e-08,-2.995028208431627483e-04
2.535023348899266326e-08,-2.985753053862416108e-04
2.541694462975316792e-08,-2.976505706057124717e-04
2.548365577051367590e-08,-2.967286101316194986e-04
2.555036691127418387e-08,-2.958094175650466265e-04
2.561707805203469516e-08,-2.948929864792486518e-04
2.568378919279519982e-08,-2.939793104207553834e-04
2.575050033355570780e-08,-2.930683829104506954e-04
2.581721147431621577e-08,-2.921601974446279434e-04
2.588392261507672044e-08,-2.912547474960203902e-04
2.595063375583722841e-08,-2.903520265148087551e-04
2.601734489659773639e-08,-2.894520279296049648e-04
2.608405603735824436e-08,-2.885547451484145993e-04
2.615076717811874903e-08,-2.876601715595759738e-04
2.621747831887925701e-08,-2.867683005326786207e-04
2.628418945963976498e-08,-2.858791254194598163e-04
2.635090060040026965e-08,-2.849926395546815375e-04
2.641761174116077762e-08,-2.841088362569859521e-04
2.648432288192128560e-08,-2.832277088297325304e-04
2.655103402268179026e-08,-2.823492505618142336e-04
2.661774516344229824e-08,-2.814734547284561904e-04
2.668445630420280621e-08,-2.806003145919947514e-04
2.675116744496331419e-08,-2.797298234026394654e-04
2.681787858572381886e-08,-2.788619743992161925e-04
2.688458972648432683e-08,-2.779967608098935731e-04
2.695130086724483481e-08,-2.771341758528926384e-04
2.701801200800533947e-08,-2.762742127371792906e-04
2.708472314876584745e-08,-2.754168646631407363e-04
2.715143428952635542e-08,-2.745621248232460367e-04
2.721814543028686340e-08,-2.737099864026912082e-04
2.728485657104736806e-08,-2.728604425800286015e-04
2.735156771180787604e-08,-2.720134865277824571e-04
2.741827885256838401e-08,-2.711691114130486326e-04
2.748498999332888868e-08,-2.703273103980804505e-04
2.755170113408939665e-08,-2.694880766408611029e-04
2.761841227484990463e-08,-2.686514032956625040e-04
2.768512341561040930e-08,-2.678172835135890170e-04
2.775183455637091727e-08,-2.669857104431108815e-04
2.781854569713142525e-08,-2.661566772305821917e-04
2.788525683789193322e-08,-2.653301770207485192e-04
2.795196797865243789e-08,-2.645062029572406589e-04
2.801867911941294586e-08,-2.636847481830574243e-04
2.808539026017345384e-08,-2.628658058410365166e-04
2.815210140093395850e-08,-2.620493690743133587e-04
2.821881254169446648e-08,-2.612354310267697385e-04
2.828552368245497445e-08,-2.604239848434701998e-04
2.835223482321548243e-08,-2.596150236710892726e-04
2.841894596397598710e-08,-2.588085406583266680e-04
2.848565710473649507e-08,-2.580045289563131497e-04
2.855236824549700305e-08,-2.572029817190062671e-04
2.861907938625750771e-08,-2.564038921035758983e-04
2.868579052701801569e-08,-2.556072532707799800e-04
2.875250166777852366e-08,-2.548130583853322690e-04
2.881921280853902833e-08,-2.540213006162586650e-04
2.888592394929953630e-08,-2.532319731372467035e-04
2.895263509006004428e-08,-2.524450691269845316e-04
2.901934623082055225e-08,-2.516605817694927819e-04
2.908605737158105692e-08,-2.508785042544462015e-04
2.915276851234156490e-08,-2.500988297774893714e-04
2.921947965310207287e-08,-2.493215515405418554e-04
2.928619079386257754e-08,-2.485466627520974939e-04
2.935290193462308551e-08,-2.477741566275151871e-04
2.941961307538359349e-08,-2.470040263893015465e-04
2.948632421614409815e-08,-2.462362652673872579e-04
2.955303535690460613e-08,-2.454708664993956384e-04
2.961974649766511410e-08,-2.447078233309040915e-04
2.968645763842562208e-08,-2.439471290156988682e-04
2.975316877918612674e-08,-2.431887768160232127e-04
2.981987991994663803e-08,-2.424327600028181918e-04
2.988659106070714269e-08,-2.416790718559580476e-04
2.995330220146764736e-08,-2.409277056644784220e-04
3.002001334222815865e-08,-2.401786547267989978e-04
3.008672448298866331e-08,-2.394319123509394448e-04
3.015343562374916798e-08,-2.386874718547304865e-04
3.022014676450967926e-08,-2.379453265660175947e-04
3.028685790527018393e-08,-2.372054698228610251e-04
3.035356904603068859e-08,-2.364678949737282899e-04
3.042028018679119988e-08,-2.357325953776829176e-04
3.048699132755170454e-08,-2.349995644045668698e-04
3.055370246831220921e-08,-2.342687954351782694e-04
3.062041360907272049e-08,-2.335402818614438429e-04
3.068712474983322516e-08,-2.328140170865865375e-04
3.075383589059372983e-08,-2.320899945252882335e-04
3.082054703135424111e-08,-2.313682076038479018e-04
3.088725817211474578e-08,-2.306486497603348561e-04
3.095396931287525044e-08,-2.299313144447377494e-04
3.102068045363576173e-08,-2.292161951191088538e-04
3.108739159439626639e-08,-2.285032852577043841e-04
3.115410273515677768e-08,-2.277925783471204289e-04
3.122081387591728234e-08,-2.270840678864245461e-04
3.128752501667778701e-08,-2.263777473872836715e-04
3.135423615743829829e-08,-2.256736103740875554e-04
3.142094729819880296e-08,-2.249716503840693796e-04
3.148765843895930763e-08,-2.242718609674211171e-04
3.155436957971981891e-08,-2.235742356874065328e-04
3.162108072048032358e-08,-2.228787681204698746e-04
3.168779186124082824e-08,-2.221854518563410143e-04
3.175450300200133953e-08,-2.214942804981375520e-04
3.182121414276184419e-08,-2.208052476624633160e-04
3.188792528352234886e-08,-2.201183469795033119e-04
3.195463642428286014e-08,-2.194335720931159066e-04
3.202134756504336481e-08,-2.187509166609215977e-04
3.208805870580386948e-08,-2.180703743543888551e-04
3.215476984656438076e-08,-2.173919388589164929e-04
3.222148098732488543e-08,-2.167156038739141992e-04
3.228819212808539671e-08,-2.160413631128784296e-04
3.235490326884589476e-08,-2.153692103034675971e-04
3.242161440960640604e-08,-2.146991391875724907e-04
3.248832555036691071e-08,-2.140311435213856917e-04
3.255503669112742199e-08,-2.133652170754670862e-04
3.262174783188792666e-08,-2.127013536348076981e-04
3.268845897264843794e-08,-2.120395469988904853e-04
3.275517011340893599e-08,-2.113797909817489410e-04
3.282188125416944728e-08,-2.107220794120231468e-04
3.288859239492995194e-08,-2.100664061330137933e-04
3.295530353569046323e-08,-2.094127650027334899e-04
3.302201467645096789e-08,-2.087611498939560958e-04
3.308872581721147918e-08,-2.081115546942636119e-04
3.315543695797198384e-08,-2.074639733060918800e-04
3.322214809873248851e-08,-2.068183996467724058e-04
3.328885923949299317e-08,-2.061748276485741277e-04
3.335557038025350446e-08,-2.055332512587416895e-04
3.342228152101400913e-08,-2.048936644395327362e-04
3.348899266177452041e-08,-2.042560611682526909e-04
3.355570380253502508e-08,-2.036204354372881200e-04
3.362241494329553636e-08,-2.029867812541377692e-04
3.368912608405603441e-08,-2.023550926414426228e-04
3.375583722481654569e-08,-2.017253636370133882e-04
3.382254836557705036e-08,-2.010975882938568148e-04
3.388925950633756164e-08,-2.004717606802002515e-04
3.395597064709806631e-08,-1.998478748795146586e-04
3.402268178785857759e-08,-1.992259249905355058e-04
3.408939292861908226e-08,-1.986059051272833181e-04
3.415610406937958692e-08,-1.979878094190811312e-04
3.422281521014009821e-08,-1.973716320105722182e-04
3.428952635090060287e-08,-1.967573670617349705e-04
3.435623749166111416e-08,-1.961450087478970464e-04
3.442294863242161882e-08,-1.955345512597480022e-04
3.448965977318213011e-08,-1.949259888033506762e-04
3.455637091394263477e-08,-1.943193156001515431e-04
3.462308205470313944e-08,-1.937145258869887366e-04
3.468979319546364411e-08,-1.931116139161004254e-04
3.475650433622415539e-08,-1.925105739551305050e-04
3.482321547698466006e-08,-1.919114002871343168e-04
3.488992661774517134e-08,-1.913140872105819549e-04
3.495663775850567601e-08,-1.907186290393620342e-04
3.502334889926618729e-08,-1.901250201027824757e-04
3.509006004002668534e-08,-1.895332547455722417e-04
3.515677118078719662e-08,-1.889433273278801973e-04
3.522348232154770129e-08,-1.883552322252744055e-04
3.529019346230821257e-08,-1.877689638287390647e-04
3.535690460306871724e-08,-1.871845165446721772e-04
3.542361574382922852e-08,-1.866018847948803182e-04
3.549032688458972657e-08,-1.860210630165745160e-04
3.555703802535023786e-08,-1.854420456623628790e-04
3.562374916611074252e-08,-1.848648272002452019e-04
3.569046030687125381e-08,-1.842894021136037234e-04
3.575717144763175847e-08,-1.837157649011957798e-04
3.582388258839226976e-08,-1.831439100771432892e-04
3.589059372915277442e-08,-1.825738321709234266e-04
3.595730486991327909e-08,-1.820055257273569150e-04
3.602401601067378376e-08,-1.814389853065969933e-04
3.609072715143429504e-08,-1.808742054841161353e-04
3.615743829219479971e-08,-1.803111808506936622e-04
3.622414943295531099e-08,-1.797499060124012956e-04
3.629086057371581566e-08,-1.791903755905888465e-04
3.635757171447632694e-08,-1.786325842218690633e-04
3.642428285523682499e-08,-1.780765265581014229e-04
3.649099399599733627e-08,-1.775221972663761116e-04
3.655770513675784094e-08,-1.769695910289967322e-04
3.662441627751835222e-08,-1.764187025434623063e-04
3.669112741827885689e-08,-1.758695265224496289e-04
3.675783855903936817e-08,-1.753220576937938337e-04
3.682454969979986622e-08,-1.747762908004695285e-04
3.689126084056037751e-08,-1.742322206005703306e-04
3.695797198132088217e-08,-1.736898418672890259e-04
3.702468312208139346e-08,-1.731491493888961562e-04
3.709139426284189812e-08,-1.726101379687190664e-04
3.715810540360240941e-08,-1.720728024251192995e-04
3.722481654436291407e-08,-1.715371375914710478e-04
3.729152768512341874e-08,-1.710031383161376799e-04
3.735823882588392341e-08,-1.704707994624489454e-04
3.742494996664443469e-08,-1.699401159086769055e-04
3.749166110740493936e-08,-1.694110825480121623e-04
3.755837224816545064e-08,-1.688836942885390570e-04
3.762508338892595531e-08,-1.683579460532111675e-04
3.769179452968646659e-08,-1.678338327798254499e-04
3.775850567044696464e-08,-1.673113494209972477e-04
3.782521681120747592e-08,-1.667904909441336205e-04
3.789192795196798059e-08,-1.662712523314078378e-04
3.795863909272849187e-08,-1.657536285797316512e-04
3.802535023348899654e-08,-1.652376147007292458e-04
3.809206137424950782e-08,-1.647232057207090783e-04
3.815877251501001249e-08,-1.642103966806370159e-04
3.822548365577051716e-08,-1.636991826361077135e-04
3.829219479653102182e-08,-1.631895586573167223e-04
3.835890593729153311e-08,-1.626815198290318127e-04
3.842561707805203777e-08,-1.621750612505645415e-04
3.849232821881254906e-08,-1.616701780357406796e-04
3.855903935957305372e-08,-1.611668653128712917e-04
3.862575050033356501e-08,-1.606651182247228928e-04
3.869246164109406305e-08,-1.601649319284879588e-04
3.875917278185457434e-08,-1.596663015957545679e-04
3.882588392261507900e-08,-1.591692224124764774e-04
3.889259506337559029e-08,-1.586736895789423048e-04
3.895930620413609495e-08,-1.581796983097452246e-04
3.902601734489660624e-08,-1.576872438337517429e-04
3.909272848565710429e-08,-1.571963213940707712e-04
3.915943962641761557e-08,-1.567069262480225091e-04
3.922615076717812024e-08,-1.562190536671067317e-04
3.929286190793863152e-08,-1.557326989369711039e-04
3.935957304869913619e-08,-1.552478573573800365e-04
3.942628418945964747e-08,-1.547645242421817266e-04
3.949299533022015214e-08,-1.542826949192770678e-04
3.955970647098065680e-08,-1.538023647305865826e-04
3.962641761174116147e-08,-1.533235290320184106e-04
3.969312875250167275e-08,-1.528461831934357289e-04
3.975983989326217742e-08,-1.523703225986241172e-04
3.982655103402268870e-08,-1.518959426452585711e-04
3.989326217478319337e-08,-1.514230387448706509e-04
3.995997331554370465e-08,-1.509516063228155214e-04
4.002668445630420270e-08,-1.504816408182387487e-04
4.009339559706471399e-08,-1.500131376840430422e-04
4.016010673782521865e-08,-1.495460923868547796e-04
4.022681787858572994e-08,-1.490805004069906408e-04
4.029352901934623460e-08,-1.486163572384241059e-04
4.036024016010674589e-08,-1.481536583887515743e-04
4.042695130086725055e-08,-1.476923993791590518e-04
4.049366244162775522e-08,-1.472325757443877282e-04
4.056037358238825989e-08,-1.467741830327007997e-04
4.062708472314877117e-08,-1.463172168058486937e-04
4.069379586390927584e-08,-1.458616726390360278e-04
4.076050700466978712e-08,-1.454075461208864542e-04
4.082721814543029179e-08,-1.449548328534094291e-04
4.089392928619080307e-08,-1.445035284519653013e-04
4.096064042695130112e-08,-1.440536285452314854e-04
4.102735156771181240e-08,-1.436051287751679564e-04
4.109406270847231707e-08,-1.431580247969830167e-04
4.116077384923282835e-08,-1.427123122790987641e-04
4.122748498999333302e-08,-1.422679869031167222e-04
4.129419613075384430e-08,-1.418250443637833361e-04
4.136090727151434235e-08,-1.413834803689555488e-04
4.142761841227485364e-08,-1.409432906395660526e-04
4.149432955303535830e-08,-1.405044709095890825e-04
4.156104069379586959e-08,-1.400670169260054504e-04
4.162775183455637425e-08,-1.396309244487681765e-04
4.169446297531688554e-08,-1.391961892507676858e-04
4.176117411607739020e-08,-1.387628071177975206e-04
4.182788525683789487e-08,-1.383307738485191037e-04
4.189459639759839954e-08,-1.379000852544276675e-04
4.196130753835891082e-08,-1.374707371598172341e-04
4.202801867911941549e-08,-1.370427254017460024e-04
4.209472981987992677e-08,-1.366160458300017346e-04
4.216144096064043144e-08,-1.361906943070671165e-04
4.222815210140094272e-08,-1.357666667080847911e-04
4.229486324216144077e-08,-1.353439589208231531e-04
4.236157438292195205e-08,-1.349225668456412739e-04
4.242828552368245672e-08,-1.345024863954544518e-04
4.249499666444296800e-08,-1.340837134956995174e-04
4.256170780520347267e-08,-1.336662440843002745e-04
4.262841894596398395e-08,-1.332500741116326428e-04
4.269513008672448200e-08,-1.328351995404904249e-04
4.276184122748499329e-08,-1.324216163460503401e-04
4.282855236824549795e-08,-1.320093205158378723e-04
4.289526350900600924e-08,-1.315983080496923045e-04
4.296197464976651390e-08,-1.311885749597325665e-04
4.302868579052702519e-08,-1.307801172703224588e-04
4.309539693128752985e-08,-1.303729310180364194e-04
4.316210807204803452e-08,-1.299670122516249102e-04
4.322881921280853918e-08,-1.295623570319801834e-04
4.329553035356905047e-08,-1.291589614321018043e-04
4.336224149432955513e-08,-1.287568215370624169e-04
4.342895263509006642e-08,-1.283559334439730501e-04
4.349566377585057108e-08,-1.279562932619496426e-04
4.356237491661108237e-08,-1.275578971120780501e-04
4.362908605737158042e-08,-1.271607411273801918e-04
4.369579719813209170e-08,-1.267648214527798700e-04
4.376250833889259637e-08,-1.263701342450687540e-04
4.382921947965310765e-08,-1.259766756728721731e-04
4.389593062041361232e-08,-1.255844419166151271e-04
4.396264176117412360e-08,-1.251934291684883235e-04
4.402935290193462827e-08,-1.248036336324144318e-04
4.409606404269513293e-08,-1.244150515240139039e-04
4.416277518345563760e-08,-1.240276790705713370e-04
4.422948632421614888e-08,-1.236415125110015920e-04
4.429619746497665355e-08,-1.232565480958164002e-04
4.436290860573716483e-08,-1.228727820870899399e-04
4.442961974649766950e-08,-1.224902107584261476e-04
4.449633088725818078e-08,-1.221088303949244573e-04
4.456304202801867883e-08,-1.217286372931466917e-04
4.462975316877919012e-08,-1.213496277610831672e-04
4.469646430953969478e-08,-1.209717981181198971e-04
4.476317545030020607e-08,-1.205951446950045877e-04
4.482988659106071073e-08,-1.202196638338140586e-04
4.489659773182122202e-08,-1.198453518879202665e-04
4.496330887258172007e-08,-1.194722052219577787e-04
4.503002001334223135e-08,-1.191002202117903258e-04
4.509673115410273602e-08,-1.187293932444777469e-04
4.516344229486324730e-08,-1.183597207182431521e-04
4.523015343562375197e-08,-1.179911990424400980e-04
4.529686457638426325e-08,-1.176238246375193978e-04
4.536357571714476792e-08,-1.172575939349965272e-04
4.543028685790527258e-08,-1.168925033774188544e-04
4.549699799866577725e-08,-1.165285494183331959e-04
4.556370913942628853e-08,-1.161657285222528424e-04
4.563042028018679320e-08,-1.158040371646252501e-04
4.569713142094730448e-08,-1.154434718317995010e-04
4.576384256170780915e-08,-1.150840290209940883e-04
4.583055370246832043e-08,-1.147257052402642823e-04
4.589726484322881848e-08,-1.143684970084701732e-04
4.596397598398932977e-08,-1.140124008552440910e-04
4.603068712474983443e-08,-1.136574133209591094e-04
4.609739826551034572e-08,-1.133035309566962894e-04
4.616410940627085038e-08,-1.129507503242131153e-04
4.623082054703136167e-08,-1.125990679959115108e-04
4.629753168779185972e-08,-1.122484805548060177e-04
4.636424282855237100e-08,-1.118989845944919613e-04
4.643095396931287567e-08,-1.115505767191136554e-04
4.649766511007338695e-08,-1.112032535433330019e-04
4.656437625083389162e-08,-1.108570116922979131e-04
4.663108739159440290e-08,-1.105118478016106122e-04
4.669779853235490757e-08,-1.101677585172963948e-04
4.676450967311541223e-08,-1.098247404957722280e-04
4.683122081387591690e-08,-1.094827904038157146e-04
4.689793195463642818e-08,-1.091419049185335025e-04
4.696464309539693285e-08,-1.088020807273304527e-04
4.703135423615744413e-08,-1.084633145278785904e-04
4.709806537691794880e-08,-1.081256030280861101e-04
4.716477651767846008e-08,-1.077889429460663002e-04
4.723148765843895813e-08,-1.074533310101070629e-04
4.729819879919946942e-08,-1.071187639586399334e-04
4.736490993995997408e-08,-1.067852385402096271e-04
4.743162108072048537e-08,-1.064527515134430319e-04
4.749833222148099003e-08,-1.061212996470193648e-04
4.756504336224150132e-08,-1.057908797196390019e-04
4.763175450300200598e-08,-1.054614885199938384e-04
4.769846564376251065e-08,-1.051331228467362129e-04
4.776517678452301531e-08,-1.048057795084496340e-04
4.783188792528352660e-08,-1.044794553236177721e-04
4.789859906604403126e-08,-1.041541471205949823e-04
4.796531020680454255e-08,-1.038298517375760424e-04
4.803202134756504721e-08,-1.035065660225665667e-04
4.809873248832555850e-08,-1.031842868333526629e-04
4.816544362908605655e-08,-1.028630110374717933e-04
4.823215476984656783e-08,-1.025427355121825534e-04
4.829886591060707250e-08,-1.022234571444356554e-04
4.836557705136758378e-08,-1.019051728308439095e-04
4.843228819212808845e-08,-1.015878794776530186e-04
4.849899933288859973e-08,-1.012715740007122362e-04
4.856571047364909778e-08,-1.009562533254451075e-04
4.863242161440960906e-08,-1.006419143868201546e-04
4.869913275517011373e-08,-1.003285541293218473e-04
4.876584389593062501e-08,-1.000161695069214649e-04
4.883255503669112968e-08,-9.970475748304837872e-05
4.889926617745164096e-08,-9.939431503056087329e-05
4.896597731821214563e-08,-9.908483913171736083e-05
4.903268845897265030e-08,-9.877632677814790745e-05
4.909939959973315496e-08,-9.846877497082536619e-05
4.916611074049366625e-08,-9.816218072003683542e-05
4.923282188125417091e-08,-9.785654104535513079e-05
4.929953302201468220e-08,-9.755185297561047401e-05
4.936624416277518686e-08,-9.724811354886211381e-05
4.943295530353569815e-08,-9.694531981236998764e-05
4.949966644429619620e-08,-9.664346882256658663e-05
4.956637758505670748e-08,-9.634255764502882050e-05
4.963308872581721215e-08,-9.604258335445020785e-05
4.969979986657772343e-08,-9.574354303461237510e-05
4.976651100733822810e-08,-9.544543377835791088e-05
4.983322214809873938e-08,-9.514825268756198695e-05
4.989993328885924405e-08,-9.485199687310498214e-05
4.996664442961974871e-08,-9.455666345484452348e-05
5.003335557038025338e-08,-9.426224956158829984e-05
5.010006671114076466e-08,-9.396875233106626567e-05
5.016677785190126933e-08,-9.367616890990349530e-05
5.023348899266178061e-08,-9.338449645359248161e-05
5.030020013342228528e-08,-9.309373212646641037e-05
5.036691127418279656e-08,-9.280387310167141830e-05
5.043362241494329461e-08,-9.251491656113993518e-05
5.050033355570380590e-08,-9.222685969556333491e-05
5.056704469646431056e-08,-9.193969970436534540e-05
5.063375583722482185e-08,-9.165343379567484868e-05
5.070046697798532651e-08,-9.136805918629916886e-05
5.076717811874583780e-08,-9.108357310169752272e-05
5.083388925950633585e-08,-9.079997277595425350e-05
5.090060040026684713e-08,-9.051725545175220012e-05
5.096731154102735180e-08,-9.023541838034636472e-05
5.103402268178786308e-08,-8.995445882153736315e-05
5.110073382254836775e-08,-8.967437404364534998e-05
5.116744496330887903e-08,-8.939516132348336065e-05
5.123415610406939031e-08,-8.911681794633139907e-05
5.130086724482988836e-08,-8.883934120591038960e-05
5.136757838559039965e-08,-8.856272840435588521e-05
5.143428952635090431e-08,-8.828697685219241253e-05
5.150100066711141560e-08,-8.801208386830727478e-05
5.156771180787192026e-08,-8.773804677992515439e-05
5.163442294863243155e-08,-8.746486292258194302e-05
5.170113408939293621e-08,-8.719252964009943901e-05
5.176784523015344088e-08,-8.692104428455951629e-05
5.183455637091394554e-08,-8.665040421627888954e-05
5.190126751167445683e-08,-8.638060680378343214e-05
5.196797865243496150e-08,-8.611164942378296853e-05
5.203468979319547278e-08,-8.584352946114589026e-05
5.210140093395597745e-08,-8.557624430887413806e-05
5.216811207471648873e-08,-8.530979136807788571e-05
5.223482321547698678e-08,-8.504416804795056275e-05
5.230153435623749806e-08,-8.477937176574379581e-05
5.236824549699800273e-08,-8.451539994674274307e-05
5.243495663775851401e-08,-8.425225002424091363e-05
5.250166777851901868e-08,-8.398991943951567810e-05
5.256837891927952996e-08,-8.372840564180337260e-05
5.263509006004002801e-08,-8.346770608827497199e-05
5.270180120080053929e-08,-8.320781824401123452e-05
5.276851234156104396e-08,-8.294873958197841572e-05
5.283522348232155524e-08,-8.269046758300379251e-05
5.290193462308205991e-08,-8.243299973575147197e-05
5.296864576384257119e-08,-8.217633353669796966e-05
5.303535690460307586e-08,-8.192046649010809966e-05
5.310206804536358053e-08,-8.166539610801090536e-05
5.316877918612408519e-08,-8.141111991017567137e-05
5.323549032688459648e-08,-8.115763542408770527e-05
5.330220146764510114e-08,-8.090494018492486454e-05
5.336891260840561243e-08,-8.065303173553325694e-05
5.343562374916611709e-08,-8.040190762640405211e-05
5.350233488992662838e-08,-8.015156541564911411e-05
5.356904603068712643e-08,-7.990200266897808416e-05
5.363575717144763771e-08,-7.965321695967443323e-05
5.370246831220814238e-08,-7.940520586857208402e-05
5.376917945296865366e-08,-7.915796698403197859e-05
5.383589059372915833e-08,-7.891149790191902551e-05
5.390260173448966961e-08,-7.866579622557842363e-05
5.396931287525017428e-08,-7.842085956581281250e-05
5.403602401601067894e-08,-7.817668554085893489e-05
5.410273515677118361e-08,-7.793327177636481438e-05
5.416944629753169489e-08,-7.769061590536663472e-05
5.423615743829219956e-08,-7.744871556826579543e-05
5.430286857905271084e-08,-7.720756841280618417e-05
5.436957971981321551e-08,-7.696717209405147628e-05
5.443629086057372679e-08,-7.672752427436219038e-05
5.450300200133422484e-08,-7.648862262337328597e-05
5.456971314209473613e-08,-7.625046481797149013e-05
5.463642428285524079e-08,-7.601304854227288160e-05
5.470313542361575208e-08,-7.577637148760039357e-05
5.476984656437625674e-08,-7.554043135246149272e-05
5.483655770513676803e-08,-7.530522584252584460e-05
5.490326884589726608e-08,-7.507075267060327726e-05
5.496997998665777736e-08,-7.483700955662133823e-05
5.503669112741828203e-08,-7.460399422760344789e-05
5.510340226817879331e-08,-7.437170441764671394e-05
5.517011340893929798e-08,-7.414013786790016607e-05
5.523682454969980926e-08,-7.390929232654269243e-05
5.530353569046031393e-08,-7.367916554876134205e-05
5.537024683122081859e-08,-7.344975529672942394e-05
5.543695797198132326e-08,-7.322105933958508056e-05
5.550366911274183454e-08,-7.299307545340941400e-05
5.557038025350233921e-08,-7.276580142120501885e-05
5.563709139426285049e-08,-7.253923503287452849e-05
5.570380253502335516e-08,-7.231337408519926987e-05
5.577051367578386644e-08,-7.208821638181757950e-05
5.583722481654436449e-08,-7.186375973320397316e-05
5.590393595730487578e-08,-7.164000195664755677e-05
5.597064709806538044e-08,-7.141694087623112839e-05
5.603735823882589173e-08,-7.119457432280971098e-05
5.610406937958639639e-08,-7.097290013399000681e-05
5.617078052034690768e-08,-7.075191615410901156e-05
5.623749166110741234e-08,-7.053162023421345511e-05
5.630420280186791701e-08,-7.031201023203855122e-05
5.637091394262842167e-08,-7.009308401198765517e-05
5.643762508338893296e-08,-6.987483944511124377e-05
5.650433622414943763e-08,-6.965727440908646461e-05
5.657104736490994891e-08,-6.944038678819633296e-05
5.663775850567045358e-08,-6.922417447330947069e-05
5.670446964643096486e-08,-6.900863536185945226e-05
5.677118078719146291e-08,-6.879376735782446236e-05
5.683789192795197419e-08,-6.857956837170691290e-05
5.690460306871247886e-08,-6.836603632051337174e-05
5.697131420947299014e-08,-6.815316912773411191e-05
5.703802535023349481e-08,-6.794096472332308097e-05
5.710473649099400609e-08,-6.772942104367768066e-05
5.717144763175450414e-08,-6.751853603161910218e-05
5.723815877251501542e-08,-6.730830763637188894e-05
5.730486991327552009e-08,-6.709873381354433967e-05
5.737158105403603137e-08,-6.688981252510859971e-05
5.743829219479653604e-08,-6.668154173938091499e-05
5.750500333555704732e-08,-6.647391943100177758e-05
5.757171447631755199e-08,-6.626694358091645071e-05
5.763842561707805666e-08,-6.606061217635515498e-05
5.770513675783856132e-08,-6.585492321081385086e-05
5.777184789859907261e-08,-6.564987468403443846e-05
5.783855903935957727e-08,-6.544546460198548583e-05
5.790527018012008856e-08,-6.524169097684282177e-05
5.797198132088059322e-08,-6.503855182697044026e-05
5.803869246164110451e-08,-6.483604517690090357e-05
5.810540360240160256e-08,-6.463416905731649063e-05
5.817211474316211384e-08,-6.443292150502984410e-05
5.823882588392261851e-08,-6.423230056296510518e-05
5.830553702468312979e-08,-6.403230428013876392e-05
5.837224816544363446e-08,-6.383293071164075345e-05
5.843895930620414574e-08,-6.363417791861561196e-05
5.850567044696464379e-08,-6.343604396824368533e-05
5.857238158772515507e-08,-6.323852693372211296e-05
5.863909272848565974e-08,-6.304162489424653185e-05
5.870580386924617102e-08,-6.284533593499199463e-05
5.877251501000667569e-08,-6.264965814709475499e-05
5.883922615076718697e-08,-6.245458962763334831e-05
5.890593729152769164e-08,-6.226012847961051263e-05
5.897264843228819631e-08,-6.206627281193437772e-05
5.903935957304870097e-08,-6.187302073940049443e-05
5.910607071380921226e-08,-6.168037038267311866e-05
5.917278185456971692e-08,-6.148831986826724071e-05
5.923949299533022821e-08,-6.129686732853031645e-05
5.930620413609073287e-08,-6.110601090162405275e-05
5.937291527685124416e-08,-6.091574873150643006e-05
5.943962641761174221e-08,-6.072607896791366394e-05
5.950633755837225349e-08,-6.053699976634209219e-05
5.957304869913275816e-08,-6.034850928803042774e-05
5.963975983989327606e-08,-6.016060569994178127e-05
5.970647098065377411e-08,-5.997328717474598191e-05
5.977318212141428539e-08,-5.978655189080168118e-05
5.983989326217478344e-08,-5.960039803213871429e-05
5.990660440293529472e-08,-5.941482378844045481e-05
5.997331554369580601e-08,-5.922982735502631838e-05
6.004002668445631729e-08,-5.904540693283406302e-05
6.010673782521681534e-08,-5.886156072840242166e-05
6.017344896597732662e-08,-5.867828695385363287e-05
6.024016010673782467e-08,-5.849558382687614788e-05
6.030687124749833596e-08,-5.831344957070718843e-05
6.037358238825884724e-08,-5.813188241411556222e-05
6.044029352901935852e-08,-5.795088059138441726e-05
6.050700466977985657e-08,-5.777044234229420641e-05
6.057371581054036786e-08,-5.759056591210539428e-05
6.064042695130086590e-08,-5.741124955154146921e-05
6.070713809206137719e-08,-5.723249151677205676e-05
6.077384923282188847e-08,-5.705429006939587746e-05
6.084056037358239976e-08,-5.687664347642382644e-05
6.090727151434289780e-08,-5.669955001026220898e-05
6.097398265510340909e-08,-5.652300794869586080e-05
6.104069379586390714e-08,-5.634701557487160049e-05
6.110740493662441842e-08,-5.617157117728122779e-05
6.117411607738492971e-08,-5.599667304974526738e-05
6.124082721814544099e-08,-5.582231949139604855e-05
6.130753835890593904e-08,-5.564850880666150312e-05
6.137424949966645032e-08,-5.547523930524824517e-05
6.144096064042694837e-08,-5.530250930212569417e-05
6.150767178118745965e-08,-5.513031711750920216e-05
6.157438292194797094e-08,-5.495866107684410239e-05
6.164109406270848222e-08,-5.478753951078910070e-05
6.170780520346898027e-08,-5.461695075520039874e-05
6.177451634422949155e-08,-5.444689315111522765e-05
6.184122748499000284e-08,-5.427736504473589673e-05
6.190793862575050089e-08,-5.410836478741360496e-05
6.197464976651101217e-08,-5.393989073563258452e-05
6.204136090727152345e-08,-5.377194125099391231e-05
6.210807204803202150e-08,-5.360451470019973481e-05
6.217478318879253279e-08,-5.343760945503736419e-05
6.224149432955304407e-08,-5.327122389236342863e-05
6.230820547031355536e-08,-5.310535639408809716e-05
6.237491661107405340e-08,-5.294000534715935876e-05
6.244162775183456469e-08,-5.277516914354734884e-05
6.250833889259506274e-08,-5.261084618022877061e-05
6.257505003335557402e-08,-5.244703485917114706e-05
6.264176117411608530e-08,-5.228373358731749302e-05
6.270847231487659659e-08,-5.212094077657068237e-05
6.277518345563709464e-08,-5.195865484377810653e-05
6.284189459639760592e-08,-5.179687421071623137e-05
6.290860573715810397e-08,-5.163559730407523546e-05
6.297531687791861525e-08,-5.147482255544374985e-05
6.304202801867912654e-08,-5.131454840129369286e-05
6.310873915943963782e-08,-5.115477328296490824e-05
6.317545030020013587e-08,-5.099549564665008803e-05
6.324216144096064715e-08,-5.083671394337971566e-05
6.330887258172114520e-08,-5.067842662900697525e-05
6.337558372248165649e-08,-5.052063216419269470e-05
6.344229486324216777e-08,-5.036332901439043798e-05
6.350900600400267905e-08,-5.020651564983152952e-05
6.357571714476317710e-08,-5.005019054551031589e-05
6.364242828552368839e-08,-4.989435218116916988e-05
6.370913942628418644e-08,-4.973899904128379284e-05
6.377585056704469772e-08,-4.958412961504846269e-05
6.384256170780520900e-08,-4.942974239636145823e-05
6.390927284856572029e-08,-4.927583588381015812e-05
6.397598398932621834e-08,-4.912240858065677006e-05
6.404269513008672962e-08,-4.896945899482349756e-05
6.410940627084724090e-08,-4.881698563887824200e-05
6.417611741160773895e-08,-4.866498703001993206e-05
6.424282855236825024e-08,-4.851346169006430032e-05
6.430953969312876152e-08,-4.836240814542950401e-05
6.437625083388925957e-08,-4.821182492712163740e-05
6.444296197464977085e-08,-4.806171057072057616e-05
6.450967311541028214e-08,-4.791206361636563877e-05
6.457638425617079342e-08,-4.776288260874167490e-05
6.464309539693129147e-08,-4.761416609706446929e-05
6.470980653769178952e-08,-4.746591263506700628e-05
6.477651767845231404e-08,-4.731812078098518546e-05
6.484322881921281209e-08,-4.717078909754405229e-05
6.490993995997332337e-08,-4.702391615194350695e-05
6.497665110073382142e-08,-4.687750051584459599e-05
6.504336224149434594e-08,-4.673154076535553287e-05
6.511007338225484399e-08,-4.658603548101798280e-05
6.517678452301534203e-08,-4.644098324779304267e-05
6.524349566377585332e-08,-4.629638265504765465e-05
6.531020680453636460e-08,-4.615223229654081644e-05
6.537691794529687589e-08,-4.600853077041000848e-05
6.544362908605737393e-08,-4.586527667915738388e-05
6.551034022681787198e-08,-4.572246862963635146e-05
6.557705136757839650e-08,-4.558010523303790797e-05
6.564376250833889455e-08,-4.543818510487728212e-05
6.571047364909940584e-08,-4.529670686498026683e-05
6.577718478985990388e-08,-4.515566913747001232e-05
6.584389593062042840e-08,-4.501507055075344645e-05
6.591060707138092645e-08,-4.487490973750815588e-05
6.597731821214142450e-08,-4.473518533466890133e-05
6.604402935290193578e-08,-4.459589598341446480e-05
6.611074049366244707e-08,-4.445704032915436817e-05
6.617745163442295835e-08,-4.431861702151583559e-05
6.624416277518345640e-08,-4.418062471433051205e-05
6.631087391594396768e-08,-4.404306206562143939e-05
6.637758505670447897e-08,-4.390592773759000522e-05
6.644429619746497702e-08,-4.376922039660297991e-05
6.651100733822548830e-08,-4.363293871317943165e-05
6.657771847898598635e-08,-4.349708136197791254e-05
6.664442961974651087e-08,-4.336164702178352265e-05
6.671114076050700892e-08,-4.322663437549510295e-05
6.677785190126752020e-08,-4.309204211011235359e-05
6.684456304202801825e-08,-4.295786891672311486e-05
6.691127418278852953e-08,-4.282411349049060752e-05
6.697798532354904082e-08,-4.269077453064087631e-05
6.704469646430953887e-08,-4.255785074044995579e-05
6.711140760507005015e-08,-4.242534082723131386e-05
6.717811874583056143e-08,-4.229324350232338347e-05
6.724482988659107272e-08,-4.216155748107693844e-05
6.731154102735157077e-08,-4.203028148284261833e-05
6.737825216811206882e-08,-4.189941423095847370e-05
6.744496330887259333e-08,-4.176895445273752489e-05
6.751167444963309138e-08,-4.163890087945553759e-05
6.757838559039360267e-08,-4.150925224633844618e-05
6.764509673115410072e-08,-4.138000729255023768e-05
6.771180787191462523e-08,-4.125116476118059869e-05
6.777851901267512328e-08,-4.112272339923278585e-05
6.784523015343562133e-08,-4.099468195761133370e-05
6.791194129419613262e-08,-4.086703919110995904e-05
6.797865243495664390e-08,-4.073979385839946533e-05
6.804536357571715518e-08,-4.061294472201565381e-05
6.811207471647765323e-08,-4.048649054834731594e-05
6.817878585723816452e-08,-4.036043010762418526e-05
6.824549699799867580e-08,-4.023476217390499759e-05
6.831220813875917385e-08,-4.010948552506563930e-05
6.837891927951968513e-08,-3.998459894278716696e-05
6.844563042028019642e-08,-3.986010121254400301e-05
6.851234156104070770e-08,-3.973599112359214511e-05
6.857905270180120575e-08,-3.961226746895730089e-05
6.864576384256171703e-08,-3.948892904542333440e-05
6.871247498332222832e-08,-3.936597465352033315e-05
6.877918612408272637e-08,-3.924340309751318329e-05
6.884589726484323765e-08,-3.912121318538968408e-05
6.891260840560373570e-08,-3.899940372884921794e-05
6.897931954636426022e-08,-3.887797354329099365e-05
6.904603068712475827e-08,-3.875692144780264870e-05
6.911274182788526955e-08,-3.863624626514869571e-05
6.917945296864576760e-08,-3.851594682175910446e-05
6.924616410940627888e-08,-3.839602194771787034e-05
6.931287525016679017e-08,-3.827647047675171828e-05
6.937958639092728822e-08,-3.815729124621864413e-05
6.944629753168779950e-08,-3.803848309709666604e-05
6.951300867244831078e-08,-3.792004487397249455e-05
6.957971981320882207e-08,-3.780197542503048729e-05
6.964643095396932012e-08,-3.768427360204119707e-05
6.971314209472981816e-08,-3.756693826035038759e-05
6.977985323549034268e-08,-3.744996825886773062e-05
6.984656437625084073e-08,-3.733336246005599106e-05
6.991327551701135202e-08,-3.721711972991964285e-05
6.997998665777185006e-08,-3.710123893799404049e-05
7.004669779853237458e-08,-3.698571895733431274e-05
7.011340893929287263e-08,-3.687055866450460190e-05
7.018012008005337068e-08,-3.675575693956690333e-05
7.024683122081388196e-08,-3.664131266607025732e-05
7.031354236157439325e-08,-3.652722473103990700e-05
7.038025350233490453e-08,-3.641349202496659872e-05
7.044696464309540258e-08,-3.630011344179550953e-05
7.051367578385590063e-08,-3.618708787891573050e-05
7.058038692461642515e-08,-3.607441423714944501e-05
7.064709806537692320e-08,-3.596209142074132385e-05
7.071380920613743448e-08,-3.585011833734768325e-05
7.078052034689793253e-08,-3.573849389802609010e-05
7.084723148765845705e-08,-3.562721701722457407e-05
7.091394262841895510e-08,-3.551628661277131421e-05
7.098065376917945315e-08,-3.540570160586381044e-05
7.104736490993996443e-08,-3.529546092105860397e-05
7.111407605070047571e-08,-3.518556348626077410e-05
7.118078719146098700e-08,-3.507600823271350276e-05
7.124749833222148505e-08,-3.496679409498765938e-05
7.131420947298199633e-08,-3.485792001097148070e-05
7.138092061374250761e-08,-3.474938492186019622e-05
7.144763175450300566e-08,-3.464118777214577580e-05
7.151434289526351695e-08,-3.453332750960665001e-05
7.158105403602401500e-08,-3.442580308529747800e-05
7.164776517678453952e-08,-3.431861345353888146e-05
7.171447631754503756e-08,-3.421175757190744960e-05
7.178118745830554885e-08,-3.410523440122538506e-05
7.184789859906604690e-08,-3.399904290555056990e-05
7.191460973982655818e-08,-3.389318205216636053e-05
7.198132088058706946e-08,-3.378765081157170114e-05
7.204803202134756751e-08,-3.368244815747093899e-05
7.211474316210807880e-08,-3.357757306676392429e-05
7.218145430286859008e-08,-3.347302451953612363e-05
7.224816544362910136e-08,-3.336880149904860465e-05
7.231487658438959941e-08,-3.326490299172815625e-05
7.238158772515009746e-08,-3.316132798715750368e-05
7.244829886591062198e-08,-3.305807547806539486e-05
7.251501000667112003e-08,-3.295514446031688998e-05
7.258172114743163131e-08,-3.285253393290353595e-05
7.264843228819212936e-08,-3.275024289793364242e-05
7.271514342895265388e-08,-3.264827036062256465e-05
7.278185456971315193e-08,-3.254661532928312864e-05
7.284856571047364998e-08,-3.244527681531581909e-05
7.291527685123416126e-08,-3.234425383319929266e-05
7.298198799199467255e-08,-3.224354540048074208e-05
7.304869913275518383e-08,-3.214315053776642297e-05
7.311541027351568188e-08,-3.204306826871195022e-05
7.318212141427617993e-08,-3.194329762001300773e-05
7.324883255503670445e-08,-3.184383762139572611e-05
7.331554369579720250e-08,-3.174468730560737209e-05
7.338225483655771378e-08,-3.164584570840684824e-05
7.344896597731821183e-08,-3.154731186855534166e-05
7.351567711807873635e-08,-3.144908482780698635e-05
7.358238825883923440e-08,-3.135116363089958646e-05
7.364909939959973244e-08,-3.125354732554522442e-05
7.371581054036024373e-08,-3.115623496242108585e-05
7.378252168112075501e-08,-3.105922559516017612e-05
7.384923282188126630e-08,-3.096251828034220623e-05
7.391594396264176435e-08,-3.086611207748427547e-05
7.398265510340227563e-08,-3.077000604903184545e-05
7.404936624416278691e-08,-3.067419926034953113e-05
7.411607738492328496e-08,-3.057869077971214262e-05
7.418278852568379625e-08,-3.048347967829548639e-05
7.424949966644429429e-08,-3.038856503016739010e-05
7.431621080720481881e-08,-3.029394591227869022e-05
7.438292194796531686e-08,-3.019962140445428729e-05
7.444963308872582815e-08,-3.010559058938416403e-05
7.451634422948632619e-08,-3.001185255261447116e-05
7.458305537024683748e-08,-2.991840638253858949e-05
7.464976651100734876e-08,-2.982525117038838856e-05
7.471647765176784681e-08,-2.973238601022526841e-05
7.478318879252835809e-08,-2.963980999893140464e-05
7.484989993328886938e-08,-2.954752223620089185e-05
7.491661107404938066e-08,-2.945552182453116489e-05
7.498332221480987871e-08,-2.936380786921406432e-05
7.505003335557037676e-08,-2.927237947832726789e-05
7.511674449633090128e-08,-2.918123576272551182e-05
7.518345563709139933e-08,-2.909037583603211715e-05
7.525016677785191061e-08,-2.899979881463019408e-05
7.531687791861240866e-08,-2.890950381765407346e-05
7.538358905937293318e-08,-2.881948996698083977e-05
7.545030020013343123e-08,-2.872975638722174906e-05
7.551701134089392928e-08,-2.864030220571367385e-05
7.558372248165444056e-08,-2.855112655251061251e-05
7.565043362241495184e-08,-2.846222856037527313e-05
7.571714476317546313e-08,-2.837360736477068790e-05
7.578385590393596118e-08,-2.828526210385168857e-05
7.585056704469647246e-08,-2.819719191845656485e-05
7.591727818545698374e-08,-2.810939595209872624e-05
7.598398932621748179e-08,-2.802187335095845532e-05
7.605070046697799308e-08,-2.793462326387441367e-05
7.611741160773849113e-08,-2.784764484233552396e-05
7.618412274849901565e-08,-2.776093724047262832e-05
7.625083388925951369e-08,-2.767449961505038394e-05
7.631754503002002498e-08,-2.758833112545887748e-05
7.638425617078052303e-08,-2.750243093370559515e-05
7.645096731154103431e-08,-2.741679820440721667e-05
7.651767845230154559e-08,-2.733143210478154137e-05
7.658438959306204364e-08,-2.724633180463929567e-05
7.665110073382255493e-08,-2.716149647637616080e-05
7.671781187458306621e-08,-2.707692529496462776e-05
7.678452301534357749e-08,-2.699261743794608939e-05
7.685123415610407554e-08,-2.690857208542272579e-05
7.691794529686457359e-08,-2.682478842004960325e-05
7.698465643762509811e-08,-2.674126562702670189e-05
7.705136757838559616e-08,-2.665800289409100108e-05
7.711807871914610744e-08,-2.657499941150856469e-05
7.718478985990660549e-08,-2.649225437206667049e-05
7.725150100066713001e-08,-2.640976697106597000e-05
7.731821214142762806e-08,-2.632753640631267211e-05
7.738492328218812611e-08,-2.624556187811071981e-05
7.745163442294863739e-08,-2.616384258925401112e-05
7.751834556370914868e-08,-2.608237774501864361e-05
7.758505670446965996e-08,-2.600116655315525043e-05
7.765176784523015801e-08,-2.592020822388119071e-05
7.771847898599065606e-08,-2.583950196987294998e-05
7.778519012675118058e-08,-2.575904700625843551e-05
7.785190126751167863e-08,-2.567884255060937676e-05
7.791861240827218991e-08,-2.559888782293371566e-05
7.798532354903268796e-08,-2.551918204566797310e-05
7.805203468979321248e-08,-2.543972444366974765e-05
7.811874583055371053e-08,-2.536051424421015323e-05
7.818545697131420857e-08,-2.528155067696629405e-05
7.825216811207471986e-08,-2.520283297401377688e-05
7.831887925283523114e-08,-2.512436036981925713e-05
7.838559039359574243e-08,-2.504613210123299175e-05
7.845230153435624048e-08,-2.496814740748139888e-05
7.851901267511675176e-08,-2.489040553015967852e-05
7.858572381587726304e-08,-2.481290571322440945e-05
7.865243495663776109e-08,-2.473564720298626133e-05
7.871914609739827238e-08,-2.465862924810259169e-05
7.878585723815877042e-08,-2.458185109957015802e-05
7.885256837891929494e-08,-2.450531201071784684e-05
7.891927951967979299e-08,-2.442901123719946378e-05
7.898599066044030428e-08,-2.435294803698637113e-05
7.905270180120080232e-08,-2.427712167036036602e-05
7.911941294196131361e-08,-2.420153139990646708e-05
7.918612408272182489e-08,-2.412617649050573837e-05
7.925283522348232294e-08,-2.405105620932814381e-05
7.931954636424283422e-08,-2.397616982582539825e-05
7.938625750500334551e-08,-2.390151661172388960e-05
7.945296864576385679e-08,-2.382709584101760109e-05
7.951967978652435484e-08,-2.375290678996102664e-05
7.958639092728485289e-08,-2.367894873706214391e-05
7.965310206804537741e-08,-2.360522096307537374e-05
7.971981320880587546e-08,-2.353172275099466495e-05
7.978652434956638674e-08,-2.345845338604642000e-05
7.985323549032688479e-08,-2.338541215568262037e-05
7.991994663108740931e-08,-2.331259834957378948e-05
7.998665777184790736e-08,-2.324001125960228756e-05
8.005336891260840541e-08,-2.316765017985521013e-05
8.012008005336891669e-08,-2.309551440661763202e-05
8.018679119412942797e-08,-2.302360323836571599e-05
8.025350233488993926e-08,-2.295191597575999400e-05
8.032021347565043731e-08,-2.288045192163841817e-05
8.038692461641094859e-08,-2.280921038100968619e-05
8.045363575717145987e-08,-2.273819066104640401e-05
8.052034689793195792e-08,-2.266739207107848581e-05
8.058705803869246921e-08,-2.259681392258625914e-05
8.065376917945296726e-08,-2.252645552919388177e-05
8.072048032021349177e-08,-2.245631620666262303e-05
8.078719146097398982e-08,-2.238639527288428406e-05
8.085390260173450111e-08,-2.231669204787445202e-05
8.092061374249499916e-08,-2.224720585376594749e-05
8.098732488325551044e-08,-2.217793601480221418e-05
8.105403602401602172e-08,-2.210888185733081372e-05
8.112074716477651977e-08,-2.204004270979678496e-05
8.118745830553703106e-08,-2.197141790273612517e-05
8.125416944629754234e-08,-2.190300676876931870e-05
8.132088058705805362e-08,-2.183480864259487584e-05
8.138759172781855167e-08,-2.176682286098273952e-05
8.145430286857904972e-08,-2.169904876276796979e-05
8.152101400933957424e-08,-2.163148568884420479e-05
8.158772515010007229e-08,-2.156413298215739601e-05
8.165443629086058357e-08,-2.149698998769923201e-05
8.172114743162108162e-08,-2.143005605250088727e-05
8.178785857238160614e-08,-2.136333052562666267e-05
8.185456971314210419e-08,-2.129681275816764971e-05
8.192128085390260224e-08,-2.123050210323537432e-05
8.198799199466311352e-08,-2.116439791595556955e-05
8.205470313542362481e-08,-2.109849955346185325e-05
8.212141427618413609e-08,-2.103280637488952443e-05
8.218812541694463414e-08,-2.096731774136928505e-05
8.225483655770513219e-08,-2.090203301602105328e-05
8.232154769846565671e-08,-2.083695156394775309e-05
8.238825883922615476e-08,-2.077207275222918168e-05
8.245496997998666604e-08,-2.070739594991579568e-05
8.252168112074716409e-08,-2.064292052802259555e-05
8.258839226150768861e-08,-2.057864585952303037e-05
8.265510340226818666e-08,-2.051457131934289916e-05
8.272181454302868470e-08,-2.045069628435423193e-05
8.278852568378919599e-08,-2.038702013336925881e-05
8.285523682454970727e-08,-2.032354224713437579e-05
8.292194796531021856e-08,-2.026026200832411721e-05
8.298865910607071661e-08,-2.019717880153513171e-05
8.305537024683122789e-08,-2.013429201328023260e-05
8.312208138759173917e-08,-2.007160103198238400e-05
8.318879252835223722e-08,-2.000910524796880883e-05
8.325550366911274851e-08,-1.994680405346502909e-05
8.332221480987324655e-08,-1.988469684258894682e-05
8.338892595063377107e-08,-1.982278301134495551e-05
8.345563709139426912e-08,-1.976106195761810912e-05
8.352234823215478041e-08,-1.969953308116819963e-05
8.358905937291527845e-08,-1.963819578362397352e-05
8.365577051367578974e-08,-1.957704946847726009e-05
8.372248165443630102e-08,-1.951609354107723880e-05
8.378919279519679907e-08,-1.945532740862460146e-05
8.385590393595731035e-08,-1.939475048016579923e-05
8.392261507671782164e-08,-1.933436216658729632e-05
8.398932621747833292e-08,-1.927416188060987795e-05
8.405603735823883097e-08,-1.921414903678286679e-05
8.412274849899932902e-08,-1.915432305147850205e-05
8.418945963975985354e-08,-1.909468334288619322e-05
8.425617078052035159e-08,-1.903522933100693304e-05
8.432288192128086287e-08,-1.897596043764761221e-05
8.438959306204136092e-08,-1.891687608641541202e-05
8.445630420280188544e-08,-1.885797570271217330e-05
8.452301534356238349e-08,-1.879925871372885681e-05
8.458972648432288154e-08,-1.874072454843993927e-05
8.465643762508339282e-08,-1.868237263759785682e-05
8.472314876584390410e-08,-1.862420241372746545e-05
8.478985990660441539e-08,-1.856621331112057589e-05
8.485657104736491344e-08,-1.850840476583038698e-05
8.492328218812541149e-08,-1.845077621566601717e-05
8.498999332888593600e-08,-1.839332710018705980e-05
8.505670446964643405e-08,-1.833605686069812485e-05
8.512341561040694534e-08,-1.827896494024338063e-05
8.519012675116744339e-08,-1.822205078360118023e-05
8.525683789192796790e-08,-1.816531383727858963e-05
8.532354903268846595e-08,-1.810875354950612940e-05
8.539026017344896400e-08,-1.805236937023226555e-05
8.545697131420948852e-08,-1.799616075111816130e-05
8.552368245496998657e-08,-1.794012714553230015e-05
8.559039359573049785e-08,-1.788426800854519362e-05
8.565710473649099590e-08,-1.782858279692405845e-05
8.572381587725152042e-08,-1.777307096912751421e-05
8.579052701801201847e-08,-1.771773198530038931e-05
8.585723815877251652e-08,-1.766256530726844224e-05
8.592394929953302780e-08,-1.760757039853304225e-05
8.599066044029353909e-08,-1.755274672426609050e-05
8.605737158105405037e-08,-1.749809375130473462e-05
8.612408272181454842e-08,-1.744361094814615771e-05
8.619079386257505970e-08,-1.738929778494253348e-05
8.625750500333557099e-08,-1.733515373349569664e-05
8.632421614409606904e-08,-1.728117826725217936e-05
8.639092728485658032e-08,-1.722737086129799347e-05
8.645763842561707837e-08,-1.717373099235351447e-05
8.652434956637760289e-08,-1.712025813876843992e-05
8.659106070713810094e-08,-1.706695178051674116e-05
8.665777184789861222e-08,-1.701381139919148620e-05
8.672448298865911027e-08,-1.696083647799994734e-05
8.679119412941962155e-08,-1.690802650175844774e-05
8.685790527018013284e-08,-1.685538095688745205e-05
8.692461641094063089e-08,-1.680289933140652488e-05
8.699132755170114217e-08,-1.675058111492930957e-05
8.705803869246165345e-08,-1.669842579865865606e-05
8.712474983322216474e-08,-1.664643287538162679e-05
8.719146097398266279e-08,-1.659460183946451955e-05
8.725817211474316083e-08,-1.654293218684804612e-05
8.732488325550368535e-08,-1.649142341504233821e-05
8.739159439626418340e-08,-1.644007502312212613e-05
8.745830553702469469e-08,-1.638888651172184973e-05
8.752501667778519273e-08,-1.633785738303074897e-05
8.759172781854571725e-08,-1.628698714078811378e-05
8.765843895930621530e-08,-1.623627529027841531e-05
8.772515010006671335e-08,-1.618572133832644057e-05
8.779186124082722464e-08,-1.613532479329259987e-05
8.785857238158773592e-08,-1.608508516506806823e-05
8.792528352234824720e-08,-1.603500196507005220e-05
8.799199466310874525e-08,-1.598507470623703285e-05
8.805870580386925654e-08,-1.593530290302400552e-05
8.812541694462976782e-08,-1.588568607139780414e-05
8.819212808539026587e-08,-1.583622372883237143e-05
8.825883922615077715e-08,-1.578691539430402907e-05
8.832555036691127520e-08,-1.573776058828687998e-05
8.839226150767179972e-08,-1.568875883274805481e-05
8.845897264843229777e-08,-1.563990965114313113e-05
8.852568378919280905e-08,-1.559121256841148836e-05
8.859239492995330710e-08,-1.554266711097165922e-05
8.865910607071381838e-08,-1.549427280671669476e-05
8.872581721147432967e-08,-1.544602918500972256e-05
8.879252835223482772e-08,-1.539793577667916940e-05
8.885923949299533900e-08,-1.534999211401435337e-05
8.892595063375585029e-08,-1.530219773076082175e-05
8.899266177451636157e-08,-1.525455216211592443e-05
8.905937291527685962e-08,-1.520705494472422301e-05
8.912608405603735767e-08,-1.515970561667299132e-05
8.919279519679788219e-08,-1.511250371748770418e-05
8.925950633755838023e-08,-1.506544878812768868e-05
8.932621747831889152e-08,-1.501854037098146214e-05
8.939292861907938957e-08,-1.497177800986240545e-05
8.945963975983991409e-08,-1.492516125000432632e-05
8.952635090060041213e-08,-1.487868963805699542e-05
8.959306204136091018e-08,-1.483236272208176213e-05
8.965977318212142147e-08,-1.478618005154713473e-05
8.972648432288193275e-08,-1.474014117732439783e-05
8.979319546364244403e-08,-1.469424565168334167e-05
8.985990660440294208e-08,-1.464849302828774062e-05
8.992661774516344013e-08,-1.460288286219113327e-05
8.999332888592396465e-08,-1.455741470983246869e-05
9.006004002668446270e-08,-1.451208812903179674e-05
9.012675116744497398e-08,-1.446690267898591258e-05
9.019346230820547203e-08,-1.442185792026417239e-05
9.026017344896599655e-08,-1.437695341480409721e-05
9.032688458972649460e-08,-1.433218872590726148e-05
9.039359573048699265e-08,-1.428756341823489015e-05
9.046030687124750393e-08,-1.424307705780370991e-05
9.052701801200801522e-08,-1.419872921198174113e-05
9.059372915276852650e-08,-1.415451944948406779e-05
9.066044029352902455e-08,-1.411044734036859383e-05
9.072715143428953583e-08,-1.406651245603197231e-05
9.079386257505004712e-08,-1.402271436920531607e-05
9.086057371581054517e-08,-1.397905265395013698e-05
9.092728485657105645e-08,-1.393552688565416845e-05
9.099399599733155450e-08,-1.389213664102719630e-05
9.106070713809207902e-08,-1.384888149809702179e-05
9.112741827885257707e-08,-1.380576103620531288e-05
9.119412941961308835e-08,-1.376277483600348253e-05
9.126084056037358640e-08,-1.371992247944869076e-05
9.132755170113409768e-08,-1.367720354979968566e-05
9.139426284189460897e-08,-1.363461763161283763e-05
9.146097398265510702e-08,-1.359216431073805495e-05
9.152768512341561830e-08,-1.354984317431473666e-05
9.159439626417612958e-08,-1.350765381076780172e-05
9.166110740493664087e-08,-1.346559580980367399e-05
9.172781854569713892e-08,-1.342366876240624704e-05
9.179452968645763696e-08,-1.338187226083300302e-05
9.186124082721816148e-08,-1.334020589861092653e-05
9.192795196797865953e-08,-1.329866927053265239e-05
9.199466310873917082e-08,-1.325726197265248961e-05
9.206137424949966886e-08,-1.321598360228245393e-05
9.212808539026019338e-08,-1.317483375798842054e-05
9.219479653102069143e-08,-1.313381203958618543e-05
9.226150767178118948e-08,-1.309291804813754870e-05
9.232821881254170077e-08,-1.305215138594649610e-05
9.239492995330221205e-08,-1.301151165655525698e-05
9.246164109406272333e-08,-1.297099846474051636e-05
9.252835223482322138e-08,-1.293061141650955748e-05
9.259506337558371943e-08,-1.289035011909636553e-05
9.266177451634424395e-08,-1.285021418095790236e-05
9.272848565710474200e-08,-1.281020321177025076e-05
9.279519679786525328e-08,-1.277031682242478933e-05
9.286190793862575133e-08,-1.273055462502448917e-05
9.292861907938627585e-08,-1.269091623288004301e-05
9.299533022014677390e-08,-1.265140126050619750e-05
9.306204136090727195e-08,-1.261200932361795686e-05
9.312875250166778323e-08,-1.257274003912681862e-05
9.319546364242829451e-08,-1.253359302513711277e-05
9.326217478318880580e-08,-1.249456790094225619e-05
9.332888592394930385e-08,-1.245566428702102735e-05
9.339559706470981513e-08,-1.241688180503392582e-05
9.346230820547032642e-08,-1.237822007781942836e-05
9.352901934623082446e-08,-1.233967872939039242e-05
9.359573048699133575e-08,-1.230125738493035967e-05
9.366244162775183380e-08,-1.226295567078989006e-05
9.372915276851235832e-08,-1.222477321448298059e-05
9.379586390927285636e-08,-1.218670964468342300e-05
9.386257505003336765e-08,-1.214876459122114128e-05
9.392928619079386570e-08,-1.211093768507869843e-05
9.399599733155439022e-08,-1.207322855838758822e-05
9.406270847231488826e-08,-1.203563684442475043e-05
9.412941961307538631e-08,-1.199816217760897103e-05
9.419613075383589760e-08,-1.196080419349730085e-05
9.426284189459640888e-08,-1.192356252878152859e-05
9.432955303535692016e-08,-1.188643682128472153e-05
9.439626417611741821e-08,-1.184942670995755276e-05
9.446297531687791626e-08,-1.181253183487492833e-05
9.452968645763844078e-08,-1.177575183723240770e-05
9.459639759839893883e-08,-1.173908635934273763e-05
9.466310873915945011e-08,-1.170253504463240649e-05
9.472981987991994816e-08,-1.166609753763810534e-05
9.479653102068047268e-08,-1.162977348400330933e-05
9.486324216144097073e-08,-1.159356253047488953e-05
9.492995330220146878e-08,-1.155746432489956218e-05
9.499666444296198006e-08,-1.152147851622053109e-05
9.506337558372249135e-08,-1.148560475447409268e-05
9.513008672448300263e-08,-1.144984269078618179e-05
9.519679786524350068e-08,-1.141419197736902423e-05
9.526350900600401196e-08,-1.137865226751770459e-05
9.533022014676452325e-08,-1.134322321560682215e-05
9.539693128752502130e-08,-1.130790447708717898e-05
9.546364242828553258e-08,-1.127269570848232573e-05
9.553035356904603063e-08,-1.123759656738528705e-05
9.559706470980655515e-08,-1.120260671245523267e-05
9.566377585056705320e-08,-1.116772580341416050e-05
9.573048699132756448e-08,-1.113295350104352030e-05
9.579719813208806253e-08,-1.109828946718103224e-05
9.586390927284857381e-08,-1.106373336471727508e-05
9.593062041360908510e-08,-1.102928485759249788e-05
9.599733155436958315e-08,-1.099494361079333019e-05
9.606404269513009443e-08,-1.096070929034946840e-05
9.613075383589060571e-08,-1.092658156333051634e-05
9.619746497665111700e-08,-1.089256009784269540e-05
9.626417611741161505e-08,-1.085864456302559529e-05
9.633088725817211309e-08,-1.082483462904903330e-05
9.639759839893263761e-08,-1.079112996710975586e-05
9.646430953969313566e-08,-1.075753024942830968e-05
9.653102068045364695e-08,-1.072403514924584334e-05
9.659773182121414499e-08,-1.069064434082086989e-05
9.666444296197466951e-08,-1.065735749942618538e-05
9.673115410273516756e-08,-1.062417430134566707e-05
9.679786524349566561e-08,-1.059109442387109536e-05
9.686457638425617690e-08,-1.055811754529909261e-05
9.693128752501668818e-08,-1.052524334492791458e-05
9.699799866577719946e-08,-1.049247150305438416e-05
9.706470980653769751e-08,-1.045980170097077601e-05
9.713142094729819556e-08,-1.042723362096167575e-05
9.719813208805872008e-08,-1.039476694630094926e-05
9.726484322881921813e-08,-1.036240136124863408e-05
9.733155436957972941e-08,-1.033013655104783589e-05
9.739826551034022746e-08,-1.029797220192174864e-05
9.746497665110075198e-08,-1.026590800107051036e-05
9.753168779186125003e-08,-1.023394363666823347e-05
9.759839893262174808e-08,-1.020207879785994869e-05
9.766511007338225936e-08,-1.017031317475855061e-05
9.773182121414277064e-08,-1.013864645844182972e-05
9.779853235490328193e-08,-1.010707834094946037e-05
9.786524349566377998e-08,-1.007560851527995816e-05
9.793195463642429126e-08,-1.004423667538778318e-05
9.799866577718480254e-08,-1.001296251618026182e-05
9.806537691794530059e-08,-9.981785733514701795e-06
9.813208805870581188e-08,-9.950706024195397068e-06
9.819879919946630993e-08,-9.919723085970668275e-06
9.826551034022683445e-08,-9.888836617529957423e-06
9.833222148098733249e-08,-9.858046318500880212e-06
9.839893262174784378e-08,-9.827351889446285136e-06
9.846564376250834183e-08,-9.796753031861392204e-06
9.853235490326885311e-08,-9.766249448170816471e-06
9.859906604402936439e-08,-9.735840841725750799e-06
9.866577718478986244e-08,-9.705526916801048685e-06
9.873248832555037373e-08,-9.675307378592307069e-06
9.879919946631088501e-08,-9.645181933213082994e-06
9.886591060707139629e-08,-9.615150287691971335e-06
9.893262174783189434e-08,-9.585212149969760465e-06
9.899933288859239239e-08,-9.555367228896643821e-06
9.906604402935291691e-08,-9.525615234229302728e-06
9.913275517011341496e-08,-9.495955876628177250e-06
9.919946631087392624e-08,-9.466388867654586286e-06
9.926617745163442429e-08,-9.436913919767944215e-06
9.933288859239494881e-08,-9.407530746322947054e-06
9.939959973315544686e-08,-9.378239061566855176e-06
9.946631087391594491e-08,-9.349038580636596460e-06
9.953302201467645619e-08,-9.319929019556113378e-06
9.959973315543696748e-08,-9.290910095233503418e-06
9.966644429619747876e-08,-9.261981525458342455e-06
9.973315543695797681e-08,-9.233143028898904792e-06
9.979986657771848809e-08,-9.204394325099415385e-06
9.986657771847899938e-08,-9.175735134477335946e-06
9.993328885923949743e-08,-9.147165178320686629e-06
1.000000000000000087e-07,-9.118684178785257596e-06
