0.000000000000000000e+00,-0.000000000000000000e+00
6.671114076050700571e-11,-3.716019273463267857e-04
1.334222815210140114e-10,-6.928157374622462717e-04
2.001334222815210559e-10,-9.700536206863214763e-04
2.668445630420280228e-10,-1.208693161054332898e-03
3.335557038025350156e-10,-1.413304273199645408e-03
4.002668445630421118e-10,-1.587817232556288944e-03
4.669779853235491046e-10,-1.735647854163866475e-03
5.336891260840560457e-10,-1.859791486493068881e-03
6.004002668445630902e-10,-1.962894287029722656e-03
6.671114076050700313e-10,-2.047307916952264065e-03
7.338225483655770758e-10,-2.115132098929627981e-03
8.005336891260842236e-10,-2.168248253072531037e-03
8.672448298865911647e-10,-2.208346535521136470e-03
9.339559706470982092e-10,-2.236947959926264759e-03
1.000667111407605150e-09,-2.255422816844318730e-03
1.067378252168112091e-09,-2.265006270665712463e-03
1.134089392928619239e-09,-2.266811772305201648e-03
1.200800533689126180e-09,-2.261842752425654787e-03
1.267511674449633121e-09,-2.251002935499929903e-03
1.334222815210140063e-09,-2.235105525799082477e-03
1.400933955970647210e-09,-2.214881452484080294e-03
1.467645096731154152e-09,-2.190986815189215845e-03
1.534356237491661093e-09,-2.164009638641647536e-03
1.601067378252168447e-09,-2.134476021241706913e-03
1.667778519012675388e-09,-2.102855745464538885e-03
1.734489659773182329e-09,-2.069567405528290223e-03
1.801200800533689271e-09,-2.034983098647948508e-03
1.867911941294196418e-09,-1.999432719392185785e-03
1.934623082054703153e-09,-1.963207891499835125e-03
2.001334222815210301e-09,-1.926565567511819748e-03
2.068045363575717448e-09,-1.889731323395403518e-03
2.134756504336224183e-09,-1.852902372744499133e-03
2.201467645096731331e-09,-1.816250322968118551e-03
2.268178785857238479e-09,-1.779923694015046048e-03
2.334889926617745213e-09,-1.744050218547926094e-03
2.401601067378252361e-09,-1.708738941020069820e-03
2.468312208138759509e-09,-1.674082131786246109e-03
2.535023348899266243e-09,-1.640157031168931311e-03
2.601734489659773391e-09,-1.607027437286170403e-03
2.668445630420280125e-09,-1.574745150413921994e-03
2.735156771180787273e-09,-1.543351285695496221e-03
2.801867911941294421e-09,-1.512877465116823023e-03
2.868579052701801155e-09,-1.483346898833674127e-03
2.935290193462308303e-09,-1.454775365161361817e-03
3.002001334222815451e-09,-1.427172097815315082e-03
3.068712474983322185e-09,-1.400540588319090307e-03
3.135423615743829333e-09,-1.374879310871865001e-03
3.202134756504336895e-09,-1.350182376387572053e-03
3.268845897264843629e-09,-1.326440121879861583e-03
3.335557038025350777e-09,-1.303639640868575105e-03
3.402268178785857925e-09,-1.281765260021887299e-03
3.468979319546364659e-09,-1.260798966821382108e-03
3.535690460306871807e-09,-1.240720792642866768e-03
3.602401601067378541e-09,-1.221509155281469720e-03
3.669112741827885689e-09,-1.203141164613509258e-03
3.735823882588392837e-09,-1.185592894777786222e-03
3.802535023348899985e-09,-1.168839625973446764e-03
3.869246164109406305e-09,-1.152856058708730865e-03
3.935957304869913453e-09,-1.137616503092976281e-03
4.002668445630420601e-09,-1.123095045541782321e-03
4.069379586390927749e-09,-1.109265695060671032e-03
4.136090727151434897e-09,-1.096102511084656424e-03
4.202801867911942045e-09,-1.083579714678511562e-03
4.269513008672448366e-09,-1.071671784744065254e-03
4.336224149432955513e-09,-1.060353540735455100e-03
4.402935290193462661e-09,-1.049600213249881437e-03
4.469646430953969809e-09,-1.039387503739133212e-03
4.536357571714476957e-09,-1.029691634475071336e-03
4.603068712474983278e-09,-1.020489389799586781e-03
4.669779853235490426e-09,-1.011758149595529512e-03
4.736490993995997574e-09,-1.003475915829030217e-03
4.803202134756504721e-09,-9.956213329348996208e-04
4.869913275517011869e-09,-9.881737027447427824e-04
4.936624416277519017e-09,-9.811129945916032165e-04
5.003335557038025338e-09,-9.744198511647507921e-04
5.070046697798532486e-09,-9.680755906332936742e-04
5.136757838559039634e-09,-9.620622055070930786e-04
5.203468979319546782e-09,-9.563623586576808005e-04
5.270180120080053929e-09,-9.509593768801163352e-04
5.336891260840560250e-09,-9.458372423386527707e-04
5.403602401601067398e-09,-9.409805822043852946e-04
5.470313542361574546e-09,-9.363746567614912369e-04
5.537024683122081694e-09,-9.320053462299144947e-04
5.603735823882588842e-09,-9.278591365262227894e-04
5.670446964643095990e-09,-9.239231041606062438e-04
5.737158105403602310e-09,-9.201849004464208743e-04
5.803869246164109458e-09,-9.166327351790967606e-04
5.870580386924616606e-09,-9.132553599234849743e-04
5.937291527685123754e-09,-9.100420510326380887e-04
6.004002668445630902e-09,-9.069825925064493649e-04
6.070713809206137223e-09,-9.040672587854232554e-04
6.137424949966644370e-09,-9.012867975629477090e-04
6.204136090727151518e-09,-8.986324126887070040e-04
6.270847231487658666e-09,-8.960957472261938620e-04
6.337558372248165814e-09,-8.936688667185785492e-04
6.404269513008673789e-09,-8.913442427093441279e-04
6.470980653769180110e-09,-8.891147365570799613e-04
6.537691794529687258e-09,-8.869735835775137802e-04
6.604402935290194406e-09,-8.849143775402177215e-04
6.671114076050701553e-09,-8.829310555424006420e-04
6.737825216811208701e-09,-8.810178832776815712e-04
6.804536357571715849e-09,-8.791694407137702312e-04
6.871247498332222170e-09,-8.773806081894151496e-04
6.937958639092729318e-09,-8.756465529378512115e-04
7.004669779853236466e-09,-8.739627160412110707e-04
7.071380920613743614e-09,-8.723247998179253825e-04
7.138092061374250761e-09,-8.707287556430104870e-04
7.204803202134757082e-09,-8.691707721992796183e-04
7.271514342895264230e-09,-8.676472641559013991e-04
7.338225483655771378e-09,-8.661548612693348781e-04
7.404936624416278526e-09,-8.646903979004808916e-04
7.471647765176785674e-09,-8.632509029408736313e-04
7.538358905937291994e-09,-8.618335901398776122e-04
7.605070046697799969e-09,-8.604358488241525653e-04
7.671781187458306290e-09,-8.590552350000630905e-04
7.738492328218812611e-09,-8.576894628292379549e-04
7.805203468979320586e-09,-8.563363964671247231e-04
7.871914609739826907e-09,-8.549940422541073108e-04
7.938625750500334882e-09,-8.536605412485537975e-04
8.005336891260841202e-09,-8.523341620910463703e-04
8.072048032021349177e-09,-8.510132941889745782e-04
8.138759172781855498e-09,-8.496964412106651618e-04
8.205470313542361819e-09,-8.483822148782713818e-04
8.272181454302869794e-09,-8.470693290487092773e-04
8.338892595063376115e-09,-8.457565940720615343e-04
8.405603735823884090e-09,-8.444429114170009425e-04
8.472314876584390410e-09,-8.431272685529756948e-04
8.539026017344896731e-09,-8.418087340790794118e-04
8.605737158105404706e-09,-8.404864530897515791e-04
8.672448298865911027e-09,-8.391596427676799221e-04
8.739159439626419002e-09,-8.378275881945168287e-04
8.805870580386925323e-09,-8.364896383702801873e-04
8.872581721147431643e-09,-8.351452024325516522e-04
8.939292861907939618e-09,-8.337937460668660462e-04
9.006004002668445939e-09,-8.324347880999445224e-04
9.072715143428953914e-09,-8.310678972676889716e-04
9.139426284189460235e-09,-8.296926891501351081e-04
9.206137424949966556e-09,-8.283088232658223065e-04
9.272848565710474531e-09,-8.269160003183071437e-04
9.339559706470980851e-09,-8.255139595878107370e-04
9.406270847231488826e-09,-8.241024764612574433e-04
9.472981987991995147e-09,-8.226813600942091366e-04
9.539693128752503122e-09,-8.212504511984579760e-04
9.606404269513009443e-09,-8.198096199492841936e-04
9.673115410273515764e-09,-8.183587640066285109e-04
9.739826551034023739e-09,-8.168978066446636304e-04
9.806537691794530059e-09,-8.154266949844730288e-04
9.873248832555038034e-09,-8.139453983247788146e-04
9.939959973315544355e-09,-8.124539065658648940e-04
1.000667111407605068e-08,-8.109522287220587459e-04
1.007338225483655865e-08,-8.094403915183318900e-04
1.014009339559706497e-08,-8.079184380667859969e-04
1.020680453635757295e-08,-8.063864266189633284e-04
1.027351567711807927e-08,-8.048444293901218551e-04
1.034022681787858559e-08,-8.032925314517806335e-04
1.040693795863909356e-08,-8.017308296890077743e-04
1.047364909939959988e-08,-8.001594318191036347e-04
1.054036024016010786e-08,-7.985784554684622998e-04
1.060707138092061418e-08,-7.969880273045733092e-04
1.067378252168112050e-08,-7.953882822202501621e-04
1.074049366244162848e-08,-7.937793625673199077e-04
1.080720480320213480e-08,-7.921614174371396444e-04
1.087391594396264277e-08,-7.905346019854342290e-04
1.094062708472314909e-08,-7.888990767990709243e-04
1.100733822548365707e-08,-7.872550073025000187e-04
1.107404936624416339e-08,-7.856025632017158864e-04
1.114076050700466971e-08,-7.839419179636766648e-04
1.120747164776517768e-08,-7.822732483292507135e-04
1.127418278852568400e-08,-7.805967338578301273e-04
1.134089392928619198e-08,-7.789125565018654085e-04
1.140760507004669830e-08,-7.772209002096483769e-04
1.147431621080720462e-08,-7.755219505547681887e-04
1.154102735156771260e-08,-7.738158943907366737e-04
1.160773849232821892e-08,-7.721029195293627970e-04
1.167444963308872689e-08,-7.703832144415268457e-04
1.174116077384923321e-08,-7.686569679790727048e-04
1.180787191460973953e-08,-7.669243691166120497e-04
1.187458305537024751e-08,-7.651856067120856681e-04
1.194129419613075383e-08,-7.634408692849951102e-04
1.200800533689126180e-08,-7.616903448112802028e-04
1.207471647765176812e-08,-7.599342205338552618e-04
1.214142761841227445e-08,-7.581726827878918634e-04
1.220813875917278242e-08,-7.564059168399649841e-04
1.227484989993328874e-08,-7.546341067402395977e-04
1.234156104069379672e-08,-7.528574351869143965e-04
1.240827218145430304e-08,-7.510760834021797377e-04
1.247498332221481101e-08,-7.492902310189934354e-04
1.254169446297531733e-08,-7.475000559780106473e-04
1.260840560373582365e-08,-7.457057344340390194e-04
1.267511674449633163e-08,-7.439074406714355717e-04
1.274182788525683795e-08,-7.421053470278777446e-04
1.280853902601734758e-08,-7.402996238259892730e-04
1.287525016677785390e-08,-7.384904393123134817e-04
1.294196130753836022e-08,-7.366779596031761438e-04
1.300867244829886819e-08,-7.348623486369791754e-04
1.307538358905937452e-08,-7.330437681325171822e-04
1.314209472981988249e-08,-7.312223775529167868e-04
1.320880587058038881e-08,-7.293983340748283733e-04
1.327551701134089513e-08,-7.275717925625131135e-04
1.334222815210140311e-08,-7.257429055465027239e-04
1.340893929286190943e-08,-7.239118232065089699e-04
1.347565043362241740e-08,-7.220786933582977723e-04
1.354236157438292372e-08,-7.202436614442458062e-04
1.360907271514343170e-08,-7.184068705273161321e-04
1.367578385590393802e-08,-7.165684612882143329e-04
1.374249499666444434e-08,-7.147285720254862012e-04
1.380920613742495231e-08,-7.128873386583415434e-04
1.387591727818545864e-08,-7.110448947320027659e-04
1.394262841894596661e-08,-7.092013714253779912e-04
1.400933955970647293e-08,-7.073568975608872898e-04
1.407605070046697925e-08,-7.055115996162602101e-04
1.414276184122748723e-08,-7.036656017381561759e-04
1.420947298198799355e-08,-7.018190257574485934e-04
1.427618412274850152e-08,-6.999719912060369236e-04
1.434289526350900784e-08,-6.981246153350515208e-04
1.440960640426951416e-08,-6.962770131343286144e-04
1.447631754503002214e-08,-6.944292973530385559e-04
1.454302868579052846e-08,-6.925815785213577198e-04
1.460973982655103644e-08,-6.907339649730821415e-04
1.467645096731154276e-08,-6.888865628690881348e-04
1.474316210807204908e-08,-6.870394762215477303e-04
1.480987324883255705e-08,-6.851928069188187049e-04
1.487658438959306337e-08,-6.833466547509276694e-04
1.494329553035357135e-08,-6.815011174355736822e-04
1.501000667111407932e-08,-6.796562906445858176e-04
1.507671781187458399e-08,-6.778122680307696385e-04
1.514342895263509196e-08,-6.759691412550809884e-04
1.521014009339559994e-08,-6.741270000140758226e-04
1.527685123415610461e-08,-6.722859320675812159e-04
1.534356237491661258e-08,-6.704460232665413605e-04
1.541027351567712056e-08,-6.686073575809905242e-04
1.547698465643762522e-08,-6.667700171281182742e-04
1.554369579719813320e-08,-6.649340822003787198e-04
1.561040693795864117e-08,-6.630996312936187275e-04
1.567711807871914915e-08,-6.612667411351841286e-04
1.574382921947965381e-08,-6.594354867119746420e-04
1.581054036024016179e-08,-6.576059412984247479e-04
1.587725150100066976e-08,-6.557781764843768988e-04
1.594396264176117443e-08,-6.539522622028273377e-04
1.601067378252168240e-08,-6.521282667575241387e-04
1.607738492328219038e-08,-6.503062568503914509e-04
1.614409606404269835e-08,-6.484862976087670417e-04
1.621080720480320302e-08,-6.466684526124335175e-04
1.627751834556371100e-08,-6.448527839204289082e-04
1.634422948632421897e-08,-6.430393520976206796e-04
1.641094062708472364e-08,-6.412282162410339569e-04
1.647765176784523161e-08,-6.394194340059181298e-04
1.654436290860573959e-08,-6.376130616315457689e-04
1.661107404936624425e-08,-6.358091539667313835e-04
1.667778519012675223e-08,-6.340077644950639505e-04
1.674449633088726020e-08,-6.322089453598447569e-04
1.681120747164776818e-08,-6.304127473887245932e-04
1.687791861240827285e-08,-6.286192201180343343e-04
1.694462975316878082e-08,-6.268284118168050050e-04
1.701134089392928880e-08,-6.250403695104725594e-04
1.707805203468979346e-08,-6.232551390042631459e-04
1.714476317545030144e-08,-6.214727649062582078e-04
1.721147431621080941e-08,-6.196932906501356232e-04
1.727818545697131739e-08,-6.179167585175847181e-04
1.734489659773182205e-08,-6.161432096603962350e-04
1.741160773849233003e-08,-6.143726841222229207e-04
1.747831887925283800e-08,-6.126052208600159385e-04
1.754503002001334267e-08,-6.108408577651295137e-04
1.761174116077385065e-08,-6.090796316841024871e-04
1.767845230153435862e-08,-6.073215784391118978e-04
1.774516344229486329e-08,-6.055667328481013044e-04
1.781187458305537126e-08,-6.038151287445854727e-04
1.787858572381587924e-08,-6.020667989971348983e-04
1.794529686457638721e-08,-6.003217755285377788e-04
1.801200800533689188e-08,-5.985800893346457244e-04
1.807871914609739985e-08,-5.968417705029017972e-04
1.814543028685790783e-08,-5.951068482305593363e-04
1.821214142761841249e-08,-5.933753508425858216e-04
1.827885256837892047e-08,-5.916473058092620776e-04
1.834556370913942844e-08,-5.899227397634762733e-04
1.841227484989993311e-08,-5.882016785177158645e-04
1.847898599066044109e-08,-5.864841470807615961e-04
1.854569713142094906e-08,-5.847701696740872533e-04
1.861240827218145704e-08,-5.830597697479660262e-04
1.867911941294196170e-08,-5.813529699972907550e-04
1.874583055370246968e-08,-5.796497923771085949e-04
1.881254169446297765e-08,-5.779502581178745484e-04
1.887925283522348232e-08,-5.762543877404284172e-04
1.894596397598399029e-08,-5.745622010706969091e-04
1.901267511674449827e-08,-5.728737172541281631e-04
1.907938625750500624e-08,-5.711889547698578273e-04
1.914609739826551091e-08,-5.695079314446127583e-04
1.921280853902601889e-08,-5.678306644663586337e-04
1.927951967978652686e-08,-5.661571703976904990e-04
1.934623082054703153e-08,-5.644874651889725389e-04
1.941294196130753950e-08,-5.628215641912317352e-04
1.947965310206804748e-08,-5.611594821688082289e-04
1.954636424282855214e-08,-5.595012333117639061e-04
1.961307538358906012e-08,-5.578468312480584215e-04
1.967978652434956809e-08,-5.561962890554904932e-04
1.974649766511007607e-08,-5.545496192734124903e-04
1.981320880587058074e-08,-5.529068339142208070e-04
1.987991994663108871e-08,-5.512679444746233261e-04
1.994663108739159669e-08,-5.496329619466911245e-04
2.001334222815210135e-08,-5.480018968286974601e-04
2.008005336891260933e-08,-5.463747591357455543e-04
2.014676450967311730e-08,-5.447515584101896187e-04
2.021347565043362528e-08,-5.431323037318555201e-04
2.028018679119412994e-08,-5.415170037280587004e-04
2.034689793195463792e-08,-5.399056665834292166e-04
2.041360907271514589e-08,-5.382983000495436847e-04
2.048032021347565056e-08,-5.366949114543668369e-04
2.054703135423615853e-08,-5.350955077115096331e-04
2.061374249499666651e-08,-5.335000953293031652e-04
2.068045363575717118e-08,-5.319086804196950782e-04
2.074716477651767915e-08,-5.303212687069694831e-04
2.081387591727818713e-08,-5.287378655362935057e-04
2.088058705803869510e-08,-5.271584758820962177e-04
2.094729819879919977e-08,-5.255831043562797338e-04
2.101400933955970774e-08,-5.240117552162676775e-04
2.108072048032021572e-08,-5.224444323728927525e-04
2.114743162108072038e-08,-5.208811393981281884e-04
2.121414276184122836e-08,-5.193218795326633858e-04
2.128085390260173633e-08,-5.177666556933290757e-04
2.134756504336224100e-08,-5.162154704803735084e-04
2.141427618412274898e-08,-5.146683261845926005e-04
2.148098732488325695e-08,-5.131252247943169677e-04
2.154769846564376493e-08,-5.115861680022593116e-04
2.161440960640426959e-08,-5.100511572122225961e-04
2.168112074716477757e-08,-5.085201935456746484e-04
2.174783188792528554e-08,-5.069932778481892966e-04
2.181454302868579021e-08,-5.054704106957571847e-04
2.188125416944629818e-08,-5.039515924009697369e-04
2.194796531020680616e-08,-5.024368230190790884e-04
2.201467645096731413e-08,-5.009261023539318160e-04
2.208138759172781880e-08,-4.994194299637863326e-04
2.214809873248832678e-08,-4.979168051670098284e-04
2.221480987324883475e-08,-4.964182270476609352e-04
2.228152101400933942e-08,-4.949236944609573590e-04
2.234823215476984739e-08,-4.934332060386335730e-04
2.241494329553035537e-08,-4.919467601941892232e-04
2.248165443629086003e-08,-4.904643551280299819e-04
2.254836557705136801e-08,-4.889859888325036666e-04
2.261507671781187598e-08,-4.875116590968350404e-04
2.268178785857238396e-08,-4.860413635119560411e-04
2.274849899933288862e-08,-4.845750994752422267e-04
2.281521014009339660e-08,-4.831128641951482278e-04
2.288192128085390457e-08,-4.816546546957499041e-04
2.294863242161440924e-08,-4.802004678211935305e-04
2.301534356237491722e-08,-4.787503002400532058e-04
2.308205470313542519e-08,-4.773041484495983266e-04
2.314876584389592986e-08,-4.758620087799754093e-04
2.321547698465643783e-08,-4.744238773983007907e-04
2.328218812541694581e-08,-4.729897503126714170e-04
2.334889926617745378e-08,-4.715596233760931252e-04
2.341561040693795845e-08,-4.701334922903256577e-04
2.348232154769846642e-08,-4.687113526096508068e-04
2.354903268845897440e-08,-4.672931997445616296e-04
2.361574382921947907e-08,-4.658790289653754976e-04
2.368245496997998704e-08,-4.644688354057724443e-04
2.374916611074049502e-08,-4.630626140662606012e-04
2.381587725150100299e-08,-4.616603598175691536e-04
2.388258839226150766e-08,-4.602620674039720173e-04
2.394929953302201563e-08,-4.588677314465415828e-04
2.401601067378252361e-08,-4.574773464463349694e-04
2.408272181454302827e-08,-4.560909067875160931e-04
2.414943295530353625e-08,-4.547084067404083465e-04
2.421614409606404422e-08,-4.533298404644893280e-04
2.428285523682454889e-08,-4.519552020113187839e-04
2.434956637758505687e-08,-4.505844853274078407e-04
2.441627751834556484e-08,-4.492176842570274687e-04
2.448298865910607282e-08,-4.478547925449586687e-04
2.454969979986657748e-08,-4.464958038391857393e-04
2.461641094062708546e-08,-4.451407116935308874e-04
2.468312208138759343e-08,-4.437895095702377741e-04
2.474983322214809810e-08,-4.424421908424968925e-04
2.481654436290860607e-08,-4.410987487969204217e-04
2.488325550366911405e-08,-4.397591766359646597e-04
2.494996664442962202e-08,-4.384234674803005774e-04
2.501667778519012669e-08,-4.370916143711365046e-04
2.508338892595063466e-08,-4.357636102724904556e-04
2.515010006671114264e-08,-4.344394480734144778e-04
2.521681120747164731e-08,-4.331191205901736819e-04
2.528352234823215528e-08,-4.318026205683777284e-04
2.535023348899266326e-08,-4.304899406850673212e-04
2.541694462975316792e-08,-4.291810735507589581e-04
2.548365577051367590e-08,-4.278760117114431159e-04
2.555036691127418387e-08,-4.265747476505426443e-04
2.561707805203469516e-08,-4.252772737908280636e-04
2.568378919279519982e-08,-4.239835824962938848e-04
2.575050033355570780e-08,-4.226936660739930799e-04
2.581721147431621577e-08,-4.214075167758342009e-04
2.588392261507672044e-08,-4.201251268003404439e-04
2.595063375583722841e-08,-4.188464882943687055e-04
2.601734489659773639e-08,-4.175715933547956803e-04
2.608405603735824436e-08,-4.163004340301651430e-04
2.615076717811874903e-08,-4.150330023223013499e-04
2.621747831887925701e-08,-4.137692901878872037e-04
2.628418945963976498e-08,-4.125092895400096207e-04
2.635090060040026965e-08,-4.112529922496711799e-04
2.641761174116077762e-08,-4.100003901472685413e-04
2.648432288192128560e-08,-4.087514750240408309e-04
2.655103402268179026e-08,-4.075062386334857723e-04
2.661774516344229824e-08,-4.062646726927452421e-04
2.668445630420280621e-08,-4.050267688839613903e-04
2.675116744496331419e-08,-4.037925188556029991e-04
2.681787858572381886e-08,-4.025619142237645194e-04
2.688458972648432683e-08,-4.013349465734345877e-04
2.695130086724483481e-08,-4.001116074597393891e-04
2.701801200800533947e-08,-3.988918884091576683e-04
2.708472314876584745e-08,-3.976757809207103161e-04
2.715143428952635542e-08,-3.964632764671225263e-04
2.721814543028686340e-08,-3.952543664959625867e-04
2.728485657104736806e-08,-3.940490424307541086e-04
2.735156771180787604e-08,-3.928472956720652155e-04
2.741827885256838401e-08,-3.916491175985732306e-04
2.748498999332888868e-08,-3.904544995681061607e-04
2.755170113408939665e-08,-3.892634329186609246e-04
2.761841227484990463e-08,-3.880759089694001151e-04
2.768512341561040930e-08,-3.868919190216263166e-04
2.775183455637091727e-08,-3.857114543597340889e-04
2.781854569713142525e-08,-3.845345062521430862e-04
2.788525683789193322e-08,-3.833610659522076482e-04
2.795196797865243789e-08,-3.821911246991087732e-04
2.801867911941294586e-08,-3.810246737187248408e-04
2.808539026017345384e-08,-3.798617042244835785e-04
2.815210140093395850e-08,-3.787022074181943488e-04
2.821881254169446648e-08,-3.775461744908629276e-04
2.828552368245497445e-08,-3.763935966234869287e-04
2.835223482321548243e-08,-3.752444649878341532e-04
2.841894596397598710e-08,-3.740987707472033736e-04
2.848565710473649507e-08,-3.729565050571673375e-04
2.855236824549700305e-08,-3.718176590662999425e-04
2.861907938625750771e-08,-3.706822239168862799e-04
2.868579052701801569e-08,-3.695501907456170661e-04
2.875250166777852366e-08,-3.684215506842667028e-04
2.881921280853902833e-08,-3.672962948603568627e-04
2.888592394929953630e-08,-3.661744143978039757e-04
2.895263509006004428e-08,-3.650559004175520225e-04
2.901934623082055225e-08,-3.639407440381923738e-04
2.908605737158105692e-08,-3.628289363765663353e-04
2.915276851234156490e-08,-3.617204685483572848e-04
2.921947965310207287e-08,-3.606153316686665461e-04
2.928619079386257754e-08,-3.595135168525771200e-04
2.935290193462308551e-08,-3.584150152157042422e-04
2.941961307538359349e-08,-3.573198178747328223e-04
2.948632421614409815e-08,-3.562279159479424685e-04
2.955303535690460613e-08,-3.551393005557204239e-04
2.961974649766511410e-08,-3.540539628210625221e-04
2.968645763842562208e-08,-3.529718938700616201e-04
2.975316877918612674e-08,-3.518930848323856774e-04
2.981987991994663803e-08,-3.508175268417431498e-04
2.988659106070714269e-08,-3.497452110363387335e-04
2.995330220146764736e-08,-3.486761285593176175e-04
3.002001334222815865e-08,-3.476102705591986217e-04
3.008672448298866331e-08,-3.465476281902976326e-04
3.015343562374916798e-08,-3.454881926131407924e-04
3.022014676450967926e-08,-3.444319549948674430e-04
3.028685790527018393e-08,-3.433789065096236369e-04
3.035356904603068859e-08,-3.423290383389457282e-04
3.042028018679119988e-08,-3.412823416721346933e-04
3.048699132755170454e-08,-3.402388077066216153e-04
3.055370246831220921e-08,-3.391984276483236819e-04
3.062041360907272049e-08,-3.381611927119918893e-04
3.068712474983322516e-08,-3.371270941215499632e-04
3.075383589059372983e-08,-3.360961231104239570e-04
3.082054703135424111e-08,-3.350682709218657227e-04
3.088725817211474578e-08,-3.340435288092661378e-04
3.095396931287525044e-08,-3.330218880364613373e-04
3.102068045363576173e-08,-3.320033398780313579e-04
3.108739159439626639e-08,-3.309878756195907580e-04
3.115410273515677768e-08,-3.299754865580722995e-04
3.122081387591728234e-08,-3.289661640020027141e-04
3.128752501667778701e-08,-3.279598992717720741e-04
3.135423615743829829e-08,-3.269566836998953011e-04
3.142094729819880296e-08,-3.259565086312677675e-04
3.148765843895930763e-08,-3.249593654234137949e-04
3.155436957971981891e-08,-3.239652454467284318e-04
3.162108072048032358e-08,-3.229741400847128334e-04
3.168779186124082824e-08,-3.219860407342043295e-04
3.175450300200133953e-08,-3.210009388055979815e-04
3.182121414276184419e-08,-3.200188257230654281e-04
3.188792528352234886e-08,-3.190396929247652207e-04
3.195463642428286014e-08,-3.180635318630479005e-04
3.202134756504336481e-08,-3.170903340046566841e-04
3.208805870580386948e-08,-3.161200908309209933e-04
3.215476984656438076e-08,-3.151527938379458660e-04
3.222148098732488543e-08,-3.141884345367950771e-04
3.228819212808539671e-08,-3.132270044536695987e-04
3.235490326884589476e-08,-3.122684951300816144e-04
3.242161440960640604e-08,-3.113128981230211070e-04
3.248832555036691071e-08,-3.103602050051214702e-04
3.255503669112742199e-08,-3.094104073648163930e-04
3.262174783188792666e-08,-3.084634968064955507e-04
3.268845897264843794e-08,-3.075194649506522737e-04
3.275517011340893599e-08,-3.065783034340302396e-04
3.282188125416944728e-08,-3.056400039097628479e-04
3.288859239492995194e-08,-3.047045580475105878e-04
3.295530353569046323e-08,-3.037719575335921188e-04
3.302201467645096789e-08,-3.028421940711136157e-04
3.308872581721147918e-08,-3.019152593800917715e-04
3.315543695797198384e-08,-3.009911451975745772e-04
3.322214809873248851e-08,-3.000698432777570610e-04
3.328885923949299317e-08,-2.991513453920945868e-04
3.335557038025350446e-08,-2.982356433294108952e-04
3.342228152101400913e-08,-2.973227288960039760e-04
3.348899266177452041e-08,-2.964125939157474408e-04
3.355570380253502508e-08,-2.955052302301890230e-04
3.362241494329553636e-08,-2.946006296986453912e-04
3.368912608405603441e-08,-2.936987841982936559e-04
3.375583722481654569e-08,-2.927996856242596232e-04
3.382254836557705036e-08,-2.919033258897039355e-04
3.388925950633756164e-08,-2.910096969259026267e-04
3.395597064709806631e-08,-2.901187906823277877e-04
3.402268178785857759e-08,-2.892305991267223216e-04
3.408939292861908226e-08,-2.883451142451743201e-04
3.415610406937958692e-08,-2.874623280421866153e-04
3.422281521014009821e-08,-2.865822325407450842e-04
3.428952635090060287e-08,-2.857048197823829961e-04
3.435623749166111416e-08,-2.848300818272434627e-04
3.442294863242161882e-08,-2.839580107541391234e-04
3.448965977318213011e-08,-2.830885986606094455e-04
3.455637091394263477e-08,-2.822218376629749884e-04
3.462308205470313944e-08,-2.813577198963899332e-04
3.468979319546364411e-08,-2.804962375148915225e-04
3.475650433622415539e-08,-2.796373826914478732e-04
3.482321547698466006e-08,-2.787811476180035680e-04
3.488992661774517134e-08,-2.779275245055216133e-04
3.495663775850567601e-08,-2.770765055840250729e-04
3.502334889926618729e-08,-2.762280831026358283e-04
3.509006004002668534e-08,-2.753822493296103030e-04
3.515677118078719662e-08,-2.745389965523752410e-04
3.522348232154770129e-08,-2.736983170775597455e-04
3.529019346230821257e-08,-2.728602032310253650e-04
3.535690460306871724e-08,-2.720246473578961260e-04
3.542361574382922852e-08,-2.711916418225838489e-04
3.549032688458972657e-08,-2.703611790088148738e-04
3.555703802535023786e-08,-2.695332513196517987e-04
3.562374916611074252e-08,-2.687078511775164102e-04
3.569046030687125381e-08,-2.678849710242082235e-04
3.575717144763175847e-08,-2.670646033209242692e-04
3.582388258839226976e-08,-2.662467405482736213e-04
3.589059372915277442e-08,-2.654313752062944197e-04
3.595730486991327909e-08,-2.646184998144657415e-04
3.602401601067378376e-08,-2.638081069117208287e-04
3.609072715143429504e-08,-2.630001890564562499e-04
3.615743829219479971e-08,-2.621947388265417661e-04
3.622414943295531099e-08,-2.613917488193277035e-04
3.629086057371581566e-08,-2.605912116516511333e-04
3.635757171447632694e-08,-2.597931199598403173e-04
3.642428285523682499e-08,-2.589974663997191527e-04
3.649099399599733627e-08,-2.582042436466084191e-04
3.655770513675784094e-08,-2.574134443953272964e-04
3.662441627751835222e-08,-2.566250613601932565e-04
3.669112741827885689e-08,-2.558390872750200030e-04
3.675783855903936817e-08,-2.550555148931153574e-04
3.682454969979986622e-08,-2.542743369872775181e-04
3.689126084056037751e-08,-2.534955463497896942e-04
3.695797198132088217e-08,-2.527191357924145755e-04
3.702468312208139346e-08,-2.519450981463871230e-04
3.709139426284189812e-08,-2.511734262624064373e-04
3.715810540360240941e-08,-2.504041130106267050e-04
3.722481654436291407e-08,-2.496371512806471707e-04
3.729152768512341874e-08,-2.488725339815007521e-04
3.735823882588392341e-08,-2.481102540416426565e-04
3.742494996664443469e-08,-2.473503044089363397e-04
3.749166110740493936e-08,-2.465926780506411467e-04
3.755837224816545064e-08,-2.458373679533961569e-04
3.762508338892595531e-08,-2.450843671232058184e-04
3.769179452968646659e-08,-2.443336685854224379e-04
3.775850567044696464e-08,-2.435852653847298639e-04
3.782521681120747592e-08,-2.428391505851245670e-04
3.789192795196798059e-08,-2.420953172698979677e-04
3.795863909272849187e-08,-2.413537585416155652e-04
3.802535023348899654e-08,-2.406144675220980183e-04
3.809206137424950782e-08,-2.398774373523985940e-04
3.815877251501001249e-08,-2.391426611927827844e-04
3.822548365577051716e-08,-2.384101322227052402e-04
3.829219479653102182e-08,-2.376798436407866774e-04
3.835890593729153311e-08,-2.369517886647903773e-04
3.842561707805203777e-08,-2.362259605315977101e-04
3.849232821881254906e-08,-2.355023524971829822e-04
3.855903935957305372e-08,-2.347809578365882548e-04
3.862575050033356501e-08,-2.340617698438965377e-04
3.869246164109406305e-08,-2.333447818322059849e-04
3.875917278185457434e-08,-2.326299871336014343e-04
3.882588392261507900e-08,-2.319173790991278989e-04
3.889259506337559029e-08,-2.312069510987607788e-04
3.895930620413609495e-08,-2.304986965213779695e-04
3.902601734489660624e-08,-2.297926087747301281e-04
3.909272848565710429e-08,-2.290886812854109930e-04
3.915943962641761557e-08,-2.283869074988266739e-04
3.922615076717812024e-08,-2.276872808791651046e-04
3.929286190793863152e-08,-2.269897949093649262e-04
3.935957304869913619e-08,-2.262944430910834761e-04
3.942628418945964747e-08,-2.256012189446649125e-04
3.949299533022015214e-08,-2.249101160091075528e-04
3.955970647098065680e-08,-2.242211278420309136e-04
3.962641761174116147e-08,-2.235342480196426973e-04
3.969312875250167275e-08,-2.228494701367047745e-04
3.975983989326217742e-08,-2.221667878064991950e-04
3.982655103402268870e-08,-2.214861946607940351e-04
3.989326217478319337e-08,-2.208076843498082422e-04
3.995997331554370465e-08,-2.201312505421767509e-04
4.002668445630420270e-08,-2.194568869249151105e-04
4.009339559706471399e-08,-2.187845872033836257e-04
4.016010673782521865e-08,-2.181143451012513873e-04
4.022681787858572994e-08,-2.174461543604599523e-04
4.029352901934623460e-08,-2.167800087411866699e-04
4.036024016010674589e-08,-2.161159020218077925e-04
4.042695130086725055e-08,-2.154538279988613136e-04
4.049366244162775522e-08,-2.147937804870093199e-04
4.056037358238825989e-08,-2.141357533190008837e-04
4.062708472314877117e-08,-2.134797403456333844e-04
4.069379586390927584e-08,-2.128257354357148052e-04
4.076050700466978712e-08,-2.121737324760252712e-04
4.082721814543029179e-08,-2.115237253712783430e-04
4.089392928619080307e-08,-2.108757080440820404e-04
4.096064042695130112e-08,-2.102296744349003792e-04
4.102735156771181240e-08,-2.095856185020131214e-04
4.109406270847231707e-08,-2.089435342214775019e-04
4.116077384923282835e-08,-2.083034155870876528e-04
4.122748498999333302e-08,-2.076652566103354635e-04
4.129419613075384430e-08,-2.070290513203700315e-04
4.136090727151434235e-08,-2.063947937639581433e-04
4.142761841227485364e-08,-2.057624780054433458e-04
4.149432955303535830e-08,-2.051320981267061832e-04
4.156104069379586959e-08,-2.045036482271229159e-04
4.162775183455637425e-08,-2.038771224235253507e-04
4.169446297531688554e-08,-2.032525148501594246e-04
4.176117411607739020e-08,-2.026298196586448453e-04
4.182788525683789487e-08,-2.020090310179333763e-04
4.189459639759839954e-08,-2.013901431142678812e-04
4.196130753835891082e-08,-2.007731501511409345e-04
4.202801867911941549e-08,-2.001580463492534320e-04
4.209472981987992677e-08,-1.995448259464727950e-04
4.216144096064043144e-08,-1.989334831977915806e-04
4.222815210140094272e-08,-1.983240123752853606e-04
4.229486324216144077e-08,-1.977164077680713321e-04
4.236157438292195205e-08,-1.971106636822660607e-04
4.242828552368245672e-08,-1.965067744409435490e-04
4.249499666444296800e-08,-1.959047343840929526e-04
4.256170780520347267e-08,-1.953045378685772180e-04
4.262841894596398395e-08,-1.947061792680895246e-04
4.269513008672448200e-08,-1.941096529731123560e-04
4.276184122748499329e-08,-1.935149533908741052e-04
4.282855236824549795e-08,-1.929220749453073593e-04
4.289526350900600924e-08,-1.923310120770062098e-04
4.296197464976651390e-08,-1.917417592431836426e-04
4.302868579052702519e-08,-1.911543109176292007e-04
4.309539693128752985e-08,-1.905686615906663204e-04
4.316210807204803452e-08,-1.899848057691096409e-04
4.322881921280853918e-08,-1.894027379762225848e-04
4.329553035356905047e-08,-1.888224527516744241e-04
4.336224149432955513e-08,-1.882439446514978603e-04
4.342895263509006642e-08,-1.876672082480459005e-04
4.349566377585057108e-08,-1.870922381299495736e-04
4.356237491661108237e-08,-1.865190289020750227e-04
4.362908605737158042e-08,-1.859475751854804354e-04
4.369579719813209170e-08,-1.853778716173736787e-04
4.376250833889259637e-08,-1.848099128510695540e-04
4.382921947965310765e-08,-1.842436935559461854e-04
4.389593062041361232e-08,-1.836792084174037113e-04
4.396264176117412360e-08,-1.831164521368198865e-04
4.402935290193462827e-08,-1.825554194315084217e-04
4.409606404269513293e-08,-1.819961050346758323e-04
4.416277518345563760e-08,-1.814385036953785311e-04
4.422948632421614888e-08,-1.808826101784803274e-04
4.429619746497665355e-08,-1.803284192646095469e-04
4.436290860573716483e-08,-1.797759257501162060e-04
4.442961974649766950e-08,-1.792251244470296459e-04
4.449633088725818078e-08,-1.786760101830151925e-04
4.456304202801867883e-08,-1.781285778013325224e-04
4.462975316877919012e-08,-1.775828221607917258e-04
4.469646430953969478e-08,-1.770387381357119714e-04
4.476317545030020607e-08,-1.764963206158779753e-04
4.482988659106071073e-08,-1.759555645064979075e-04
4.489659773182122202e-08,-1.754164647281606466e-04
4.496330887258172007e-08,-1.748790162167934692e-04
4.503002001334223135e-08,-1.743432139236196846e-04
4.509673115410273602e-08,-1.738090528151158085e-04
4.516344229486324730e-08,-1.732765278729696051e-04
4.523015343562375197e-08,-1.727456340940375314e-04
4.529686457638426325e-08,-1.722163664903023181e-04
4.536357571714476792e-08,-1.716887200888315263e-04
4.543028685790527258e-08,-1.711626899317338806e-04
4.549699799866577725e-08,-1.706382710761189102e-04
4.556370913942628853e-08,-1.701154585940531469e-04
4.563042028018679320e-08,-1.695942475725191966e-04
4.569713142094730448e-08,-1.690746331133734552e-04
4.576384256170780915e-08,-1.685566103333039603e-04
4.583055370246832043e-08,-1.680401743637887854e-04
4.589726484322881848e-08,-1.675253203510539178e-04
4.596397598398932977e-08,-1.670120434560317887e-04
4.603068712474983443e-08,-1.665003388543194766e-04
4.609739826551034572e-08,-1.659902017361366135e-04
4.616410940627085038e-08,-1.654816273062847270e-04
4.623082054703136167e-08,-1.649746107841047402e-04
4.629753168779185972e-08,-1.644691474034360422e-04
4.636424282855237100e-08,-1.639652324125749909e-04
4.643095396931287567e-08,-1.634628610742336048e-04
4.649766511007338695e-08,-1.629620286654981192e-04
4.656437625083389162e-08,-1.624627304777880032e-04
4.663108739159440290e-08,-1.619649618168146794e-04
4.669779853235490757e-08,-1.614687180025406216e-04
4.676450967311541223e-08,-1.609739943691380199e-04
4.683122081387591690e-08,-1.604807862649484755e-04
4.689793195463642818e-08,-1.599890890524411778e-04
4.696464309539693285e-08,-1.594988981081735745e-04
4.703135423615744413e-08,-1.590102088227490881e-04
4.709806537691794880e-08,-1.585230166007774882e-04
4.716477651767846008e-08,-1.580373168608340982e-04
4.723148765843895813e-08,-1.575531050354194091e-04
4.729819879919946942e-08,-1.570703765709183946e-04
4.736490993995997408e-08,-1.565891269275604500e-04
4.743162108072048537e-08,-1.561093515793791138e-04
4.749833222148099003e-08,-1.556310460141718170e-04
4.756504336224150132e-08,-1.551542057334598216e-04
4.763175450300200598e-08,-1.546788262524485661e-04
4.769846564376251065e-08,-1.542049030999868722e-04
4.776517678452301531e-08,-1.537324318185283474e-04
4.783188792528352660e-08,-1.532614079640903749e-04
4.789859906604403126e-08,-1.527918271062154076e-04
4.796531020680454255e-08,-1.523236848279308528e-04
4.803202134756504721e-08,-1.518569767257096882e-04
4.809873248832555850e-08,-1.513916984094312141e-04
4.816544362908605655e-08,-1.509278455023413444e-04
4.823215476984656783e-08,-1.504654136410137652e-04
4.829886591060707250e-08,-1.500043984753106862e-04
4.836557705136758378e-08,-1.495447956683432407e-04
4.843228819212808845e-08,-1.490866008964334571e-04
4.849899933288859973e-08,-1.486298098490744415e-04
4.856571047364909778e-08,-1.481744182288921054e-04
4.863242161440960906e-08,-1.477204217516062427e-04
4.869913275517011373e-08,-1.472678161459918512e-04
4.876584389593062501e-08,-1.468165971538407241e-04
4.883255503669112968e-08,-1.463667605299229073e-04
4.889926617745164096e-08,-1.459183020419482909e-04
4.896597731821214563e-08,-1.454712174705283375e-04
4.903268845897265030e-08,-1.450255026091379991e-04
4.909939959973315496e-08,-1.445811532640774990e-04
4.916611074049366625e-08,-1.441381652544341141e-04
4.923282188125417091e-08,-1.436965344120449864e-04
4.929953302201468220e-08,-1.432562565814583084e-04
4.936624416277518686e-08,-1.428173276198961626e-04
4.943295530353569815e-08,-1.423797433972168452e-04
4.949966644429619620e-08,-1.419434997958772711e-04
4.956637758505670748e-08,-1.415085927108953256e-04
4.963308872581721215e-08,-1.410750180498127569e-04
4.969979986657772343e-08,-1.406427717326575821e-04
4.976651100733822810e-08,-1.402118496919073050e-04
4.983322214809873938e-08,-1.397822478724512134e-04
4.989993328885924405e-08,-1.393539622315542747e-04
4.996664442961974871e-08,-1.389269887388191354e-04
5.003335557038025338e-08,-1.385013233761503415e-04
5.010006671114076466e-08,-1.380769621377167988e-04
5.016677785190126933e-08,-1.376539010299155058e-04
5.023348899266178061e-08,-1.372321360713351247e-04
5.030020013342228528e-08,-1.368116632927191998e-04
5.036691127418279656e-08,-1.363924787369301080e-04
5.043362241494329461e-08,-1.359745784589125751e-04
5.050033355570380590e-08,-1.355579585256577073e-04
5.056704469646431056e-08,-1.351426150161667795e-04
5.063375583722482185e-08,-1.347285440214151034e-04
5.070046697798532651e-08,-1.343157416443166831e-04
5.076717811874583780e-08,-1.339042039996875689e-04
5.083388925950633585e-08,-1.334939272142112983e-04
5.090060040026684713e-08,-1.330849074264020061e-04
5.096731154102735180e-08,-1.326771407865698924e-04
5.103402268178786308e-08,-1.322706234567854171e-04
5.110073382254836775e-08,-1.318653516108439277e-04
5.116744496330887903e-08,-1.314613214342306665e-04
5.123415610406939031e-08,-1.310585291240854257e-04
5.130086724482988836e-08,-1.306569708891674195e-04
5.136757838559039965e-08,-1.302566429498207517e-04
5.143428952635090431e-08,-1.298575415379390715e-04
5.150100066711141560e-08,-1.294596628969311763e-04
5.156771180787192026e-08,-1.290630032816861012e-04
5.163442294863243155e-08,-1.286675589585385866e-04
5.170113408939293621e-08,-1.282733262052350074e-04
5.176784523015344088e-08,-1.278803013108981092e-04
5.183455637091394554e-08,-1.274884805759938047e-04
5.190126751167445683e-08,-1.270978603122959372e-04
5.196797865243496150e-08,-1.267084368428529682e-04
5.203468979319547278e-08,-1.263202065019535002e-04
5.210140093395597745e-08,-1.259331656350925306e-04
5.216811207471648873e-08,-1.255473105989377057e-04
5.223482321547698678e-08,-1.251626377612954130e-04
5.230153435623749806e-08,-1.247791435010771159e-04
5.236824549699800273e-08,-1.243968242082662320e-04
5.243495663775851401e-08,-1.240156762838838717e-04
5.250166777851901868e-08,-1.236356961399565839e-04
5.256837891927952996e-08,-1.232568801994819046e-04
5.263509006004002801e-08,-1.228792248963962383e-04
5.270180120080053929e-08,-1.225027266755408404e-04
5.276851234156104396e-08,-1.221273819926296442e-04
5.283522348232155524e-08,-1.217531873142157719e-04
5.290193462308205991e-08,-1.213801391176591718e-04
5.296864576384257119e-08,-1.210082338910935631e-04
5.303535690460307586e-08,-1.206374681333939646e-04
5.310206804536358053e-08,-1.202678383541441954e-04
5.316877918612408519e-08,-1.198993410736044979e-04
5.323549032688459648e-08,-1.195319728226787817e-04
5.330220146764510114e-08,-1.191657301428830862e-04
5.336891260840561243e-08,-1.188006095863127978e-04
5.343562374916611709e-08,-1.184366077156108417e-04
5.350233488992662838e-08,-1.180737211039356436e-04
5.356904603068712643e-08,-1.177119463349293765e-04
5.363575717144763771e-08,-1.173512800026859900e-04
5.370246831220814238e-08,-1.169917187117195924e-04
5.376917945296865366e-08,-1.166332590769327920e-04
5.383589059372915833e-08,-1.162758977235852959e-04
5.390260173448966961e-08,-1.159196312872621561e-04
5.396931287525017428e-08,-1.155644564138430465e-04
5.403602401601067894e-08,-1.152103697594701837e-04
5.410273515677118361e-08,-1.148573679905179557e-04
5.416944629753169489e-08,-1.145054477835612500e-04
5.423615743829219956e-08,-1.141546058253448381e-04
5.430286857905271084e-08,-1.138048388127523133e-04
5.436957971981321551e-08,-1.134561434527753807e-04
5.443629086057372679e-08,-1.131085164624830386e-04
5.450300200133422484e-08,-1.127619545689910040e-04
5.456971314209473613e-08,-1.124164545094312467e-04
5.463642428285524079e-08,-1.120720130309214282e-04
5.470313542361575208e-08,-1.117286268905344493e-04
5.476984656437625674e-08,-1.113862928552685801e-04
5.483655770513676803e-08,-1.110450077020167501e-04
5.490326884589726608e-08,-1.107047682175369091e-04
5.496997998665777736e-08,-1.103655711984217097e-04
5.503669112741828203e-08,-1.100274134510686514e-04
5.510340226817879331e-08,-1.096902917916503734e-04
5.517011340893929798e-08,-1.093542030460848660e-04
5.523682454969980926e-08,-1.090191440500056961e-04
5.530353569046031393e-08,-1.086851116487324757e-04
5.537024683122081859e-08,-1.083521026972414668e-04
5.543695797198132326e-08,-1.080201140601361453e-04
5.550366911274183454e-08,-1.076891426116177784e-04
5.557038025350233921e-08,-1.073591852354563680e-04
5.563709139426285049e-08,-1.070302388249614315e-04
5.570380253502335516e-08,-1.067023002829528230e-04
5.577051367578386644e-08,-1.063753665217320428e-04
5.583722481654436449e-08,-1.060494344630530860e-04
5.590393595730487578e-08,-1.057245010380937787e-04
5.597064709806538044e-08,-1.054005631874270737e-04
5.603735823882589173e-08,-1.050776178609922788e-04
5.610406937958639639e-08,-1.047556620180667181e-04
5.617078052034690768e-08,-1.044346926272371093e-04
5.623749166110741234e-08,-1.041147066663712932e-04
5.630420280186791701e-08,-1.037957011225897324e-04
5.637091394262842167e-08,-1.034776729922378102e-04
5.643762508338893296e-08,-1.031606192808569365e-04
5.650433622414943763e-08,-1.028445370031572125e-04
5.657104736490994891e-08,-1.025294231829890516e-04
5.663775850567045358e-08,-1.022152748533154779e-04
5.670446964643096486e-08,-1.019020890561843980e-04
5.677118078719146291e-08,-1.015898628427005471e-04
5.683789192795197419e-08,-1.012785932729983162e-04
5.690460306871247886e-08,-1.009682774162139153e-04
5.697131420947299014e-08,-1.006589123504578480e-04
5.703802535023349481e-08,-1.003504951627879287e-04
5.710473649099400609e-08,-1.000430229491814862e-04
5.717144763175450414e-08,-9.973649281450858400e-05
5.723815877251501542e-08,-9.943090187250444069e-05
5.730486991327552009e-08,-9.912624724574271818e-05
5.737158105403603137e-08,-9.882252606560851141e-05
5.743829219479653604e-08,-9.851973547227124326e-05
5.750500333555704732e-08,-9.821787261465806101e-05
5.757171447631755199e-08,-9.791693465042696160e-05
5.763842561707805666e-08,-9.761691874594020165e-05
5.770513675783856132e-08,-9.731782207623785642e-05
5.777184789859907261e-08,-9.701964182501087743e-05
5.783855903935957727e-08,-9.672237518457532906e-05
5.790527018012008856e-08,-9.642601935584540552e-05
5.797198132088059322e-08,-9.613057154830770810e-05
5.803869246164110451e-08,-9.583602897999462806e-05
5.810540360240160256e-08,-9.554238887745854258e-05
5.817211474316211384e-08,-9.524964847574568549e-05
5.823882588392261851e-08,-9.495780501837018065e-05
5.830553702468312979e-08,-9.466685575728827858e-05
5.837224816544363446e-08,-9.437679795287230852e-05
5.843895930620414574e-08,-9.408762887388536227e-05
5.850567044696464379e-08,-9.379934579745532758e-05
5.857238158772515507e-08,-9.351194600904938232e-05
5.863909272848565974e-08,-9.322542680244880024e-05
5.870580386924617102e-08,-9.293978547972306576e-05
5.877251501000667569e-08,-9.265501935120495078e-05
5.883922615076718697e-08,-9.237112573546509020e-05
5.890593729152769164e-08,-9.208810195928682836e-05
5.897264843228819631e-08,-9.180594535764110631e-05
5.903935957304870097e-08,-9.152465327366155216e-05
5.910607071380921226e-08,-9.124422305861923279e-05
5.917278185456971692e-08,-9.096465207189819151e-05
5.923949299533022821e-08,-9.068593768097024037e-05
5.930620413609073287e-08,-9.040807726137070112e-05
5.937291527685124416e-08,-9.013106819667317043e-05
5.943962641761174221e-08,-8.985490787846558611e-05
5.950633755837225349e-08,-8.957959370632514139e-05
5.957304869913275816e-08,-8.930512308779425628e-05
5.963975983989327606e-08,-8.903149343835603394e-05
5.970647098065377411e-08,-8.875870218141013721e-05
5.977318212141428539e-08,-8.848674674824832628e-05
5.983989326217478344e-08,-8.821562457803064686e-05
5.990660440293529472e-08,-8.794533311776108993e-05
5.997331554369580601e-08,-8.767586982226383409e-05
6.004002668445631729e-08,-8.740723215415895943e-05
6.010673782521681534e-08,-8.713941758383927276e-05
6.017344896597732662e-08,-8.687242358944570974e-05
6.024016010673782467e-08,-8.660624765684440398e-05
6.030687124749833596e-08,-8.634088727960248229e-05
6.037358238825884724e-08,-8.607633995896479492e-05
6.044029352901935852e-08,-8.581260320383042909e-05
6.050700466977985657e-08,-8.554967453072922243e-05
6.057371581054036786e-08,-8.528755146379839842e-05
6.064042695130086590e-08,-8.502623153475937802e-05
6.070713809206137719e-08,-8.476571228289456422e-05
6.077384923282188847e-08,-8.450599125502416718e-05
6.084056037358239976e-08,-8.424706600548308361e-05
6.090727151434289780e-08,-8.398893409609816925e-05
6.097398265510340909e-08,-8.373159309616499621e-05
6.104069379586390714e-08,-8.347504058242515251e-05
6.110740493662441842e-08,-8.321927413904351453e-05
6.117411607738492971e-08,-8.296429135758546516e-05
6.124082721814544099e-08,-8.271008983699423400e-05
6.130753835890593904e-08,-8.245666718356833239e-05
6.137424949966645032e-08,-8.220402101093913757e-05
6.144096064042694837e-08,-8.195214894004828699e-05
6.150767178118745965e-08,-8.170104859912547934e-05
6.157438292194797094e-08,-8.145071762366607219e-05
6.164109406270848222e-08,-8.120115365640876099e-05
6.170780520346898027e-08,-8.095235434731382724e-05
6.177451634422949155e-08,-8.070431735354032963e-05
6.184122748499000284e-08,-8.045704033942479942e-05
6.190793862575050089e-08,-8.021052097645882460e-05
6.197464976651101217e-08,-7.996475694326732515e-05
6.204136090727152345e-08,-7.971974592558659799e-05
6.210807204803202150e-08,-7.947548561624276841e-05
6.217478318879253279e-08,-7.923197371512980794e-05
6.224149432955304407e-08,-7.898920792918822970e-05
6.230820547031355536e-08,-7.874718597238306559e-05
6.237491661107405340e-08,-7.850590556568296831e-05
6.244162775183456469e-08,-7.826536443703821554e-05
6.250833889259506274e-08,-7.802556032135967649e-05
6.257505003335557402e-08,-7.778649096049735821e-05
6.264176117411608530e-08,-7.754815410321925010e-05
6.270847231487659659e-08,-7.731054750519000579e-05
6.277518345563709464e-08,-7.707366892895007226e-05
6.284189459639760592e-08,-7.683751614389441236e-05
6.290860573715810397e-08,-7.660208692625164744e-05
6.297531687791861525e-08,-7.636737905906306454e-05
6.304202801867912654e-08,-7.613339033216186746e-05
6.310873915943963782e-08,-7.590011854215215675e-05
6.317545030020013587e-08,-7.566756149238861452e-05
6.324216144096064715e-08,-7.543571699295526759e-05
6.330887258172114520e-08,-7.520458286064556530e-05
6.337558372248165649e-08,-7.497415691894112916e-05
6.344229486324216777e-08,-7.474443699799184415e-05
6.350900600400267905e-08,-7.451542093459512337e-05
6.357571714476317710e-08,-7.428710657217568768e-05
6.364242828552368839e-08,-7.405949176076518270e-05
6.370913942628418644e-08,-7.383257435698213460e-05
6.377585056704469772e-08,-7.360635222401155356e-05
6.384256170780520900e-08,-7.338082323158494379e-05
6.390927284856572029e-08,-7.315598525596019161e-05
6.397598398932621834e-08,-7.293183617990184645e-05
6.404269513008672962e-08,-7.270837389266071084e-05
6.410940627084724090e-08,-7.248559628995444664e-05
6.417611741160773895e-08,-7.226350127394751740e-05
6.424282855236825024e-08,-7.204208675323151001e-05
6.430953969312876152e-08,-7.182135064280553780e-05
6.437625083388925957e-08,-7.160129086405639962e-05
6.444296197464977085e-08,-7.138190534473934877e-05
6.450967311541028214e-08,-7.116319201895815732e-05
6.457638425617079342e-08,-7.094514882714618312e-05
6.464309539693129147e-08,-7.072777371604661032e-05
6.470980653769178952e-08,-7.051106463869313693e-05
6.477651767845231404e-08,-7.029501955439102846e-05
6.484322881921281209e-08,-7.007963642869762932e-05
6.490993995997332337e-08,-6.986491323340318605e-05
6.497665110073382142e-08,-6.965084794651203639e-05
6.504336224149434594e-08,-6.943743855222316139e-05
6.511007338225484399e-08,-6.922468304091180819e-05
6.517678452301534203e-08,-6.901257940910993376e-05
6.524349566377585332e-08,-6.880112565948782761e-05
6.531020680453636460e-08,-6.859031980083490790e-05
6.537691794529687589e-08,-6.838015984804149329e-05
6.544362908605737393e-08,-6.817064382207965322e-05
6.551034022681787198e-08,-6.796176974998477643e-05
6.557705136757839650e-08,-6.775353566483696341e-05
6.564376250833889455e-08,-6.754593960574270333e-05
6.571047364909940584e-08,-6.733897961781598184e-05
6.577718478985990388e-08,-6.713265375216037817e-05
6.584389593062042840e-08,-6.692696006585029491e-05
6.591060707138092645e-08,-6.672189662191306862e-05
6.597731821214142450e-08,-6.651746148931037580e-05
6.604402935290193578e-08,-6.631365274292034357e-05
6.611074049366244707e-08,-6.611046846351915885e-05
6.617745163442295835e-08,-6.590790673776328746e-05
6.624416277518345640e-08,-6.570596565817127309e-05
6.631087391594396768e-08,-6.550464332310582084e-05
6.637758505670447897e-08,-6.530393783675584013e-05
6.644429619746497702e-08,-6.510384730911889417e-05
6.651100733822548830e-08,-6.490436985598291764e-05
6.657771847898598635e-08,-6.470550359890896424e-05
6.664442961974651087e-08,-6.450724666521308705e-05
6.671114076050700892e-08,-6.430959718794918099e-05
6.677785190126752020e-08,-6.411255330589102569e-05
6.684456304202801825e-08,-6.391611316351489768e-05
6.691127418278852953e-08,-6.372027491098206044e-05
6.697798532354904082e-08,-6.352503670412153918e-05
6.704469646430953887e-08,-6.333039670441257033e-05
6.711140760507005015e-08,-6.313635307896718651e-05
6.717811874583056143e-08,-6.294290400051328943e-05
6.724482988659107272e-08,-6.275004764737730268e-05
6.731154102735157077e-08,-6.255778220346683803e-05
6.737825216811206882e-08,-6.236610585825386318e-05
6.744496330887259333e-08,-6.217501680675749007e-05
6.751167444963309138e-08,-6.198451324952714264e-05
6.757838559039360267e-08,-6.179459339262549417e-05
6.764509673115410072e-08,-6.160525544761149956e-05
6.771180787191462523e-08,-6.141649763152372569e-05
6.777851901267512328e-08,-6.122831816686358697e-05
6.784523015343562133e-08,-6.104071528157845885e-05
6.791194129419613262e-08,-6.085368720904503535e-05
6.797865243495664390e-08,-6.066723218805272723e-05
6.804536357571715518e-08,-6.048134846278723626e-05
6.811207471647765323e-08,-6.029603428281364851e-05
6.817878585723816452e-08,-6.011128790306033393e-05
6.824549699799867580e-08,-5.992710758380222929e-05
6.831220813875917385e-08,-5.974349159064477844e-05
6.837891927951968513e-08,-5.956043819450728305e-05
6.844563042028019642e-08,-5.937794567160671410e-05
6.851234156104070770e-08,-5.919601230344173344e-05
6.857905270180120575e-08,-5.901463637677607842e-05
6.864576384256171703e-08,-5.883381618362282060e-05
6.871247498332222832e-08,-5.865355002122803500e-05
6.877918612408272637e-08,-5.847383619205489614e-05
6.884589726484323765e-08,-5.829467300376774033e-05
6.891260840560373570e-08,-5.811605876921587037e-05
6.897931954636426022e-08,-5.793799180641798371e-05
6.904603068712475827e-08,-5.776047043854629564e-05
6.911274182788526955e-08,-5.758349299391044571e-05
6.917945296864576760e-08,-5.740705780594216299e-05
6.924616410940627888e-08,-5.723116321317921315e-05
6.931287525016679017e-08,-5.705580755925015183e-05
6.937958639092728822e-08,-5.688098919285838688e-05
6.944629753168779950e-08,-5.670670646776672174e-05
6.951300867244831078e-08,-5.653295774278189871e-05
6.957971981320882207e-08,-5.635974138173927109e-05
6.964643095396932012e-08,-5.618705575348715002e-05
6.971314209472981816e-08,-5.601489923187151721e-05
6.977985323549034268e-08,-5.584327019572084608e-05
6.984656437625084073e-08,-5.567216702883077392e-05
6.991327551701135202e-08,-5.550158811994878748e-05
6.997998665777185006e-08,-5.533153186275917290e-05
7.004669779853237458e-08,-5.516199665586773526e-05
7.011340893929287263e-08,-5.499298090278703307e-05
7.018012008005337068e-08,-5.482448301192105038e-05
7.024683122081388196e-08,-5.465650139655020090e-05
7.031354236157439325e-08,-5.448903447481660318e-05
7.038025350233490453e-08,-5.432208066970911864e-05
7.044696464309540258e-08,-5.415563840904839631e-05
7.051367578385590063e-08,-5.398970612547208709e-05
7.058038692461642515e-08,-5.382428225642018661e-05
7.064709806537692320e-08,-5.365936524412037826e-05
7.071380920613743448e-08,-5.349495353557304401e-05
7.078052034689793253e-08,-5.333104558253702078e-05
7.084723148765845705e-08,-5.316763984151472649e-05
7.091394262841895510e-08,-5.300473477373794347e-05
7.098065376917945315e-08,-5.284232884515297846e-05
7.104736490993996443e-08,-5.268042052640644599e-05
7.111407605070047571e-08,-5.251900829283076718e-05
7.118078719146098700e-08,-5.235809062442997347e-05
7.124749833222148505e-08,-5.219766600586513768e-05
7.131420947298199633e-08,-5.203773292644031320e-05
7.138092061374250761e-08,-5.187828988008820225e-05
7.144763175450300566e-08,-5.171933536535612222e-05
7.151434289526351695e-08,-5.156086788539158576e-05
7.158105403602401500e-08,-5.140288594792849757e-05
7.164776517678453952e-08,-5.124538806527293100e-05
7.171447631754503756e-08,-5.108837275428925026e-05
7.178118745830554885e-08,-5.093183853638600902e-05
7.184789859906604690e-08,-5.077578393750206584e-05
7.191460973982655818e-08,-5.062020748809276062e-05
7.198132088058706946e-08,-5.046510772311611130e-05
7.204803202134756751e-08,-5.031048318201882094e-05
7.211474316210807880e-08,-5.015633240872275223e-05
7.218145430286859008e-08,-5.000265395161104977e-05
7.224816544362910136e-08,-4.984944636351466200e-05
7.231487658438959941e-08,-4.969670820169847029e-05
7.238158772515009746e-08,-4.954443802784789895e-05
7.244829886591062198e-08,-4.939263440805521368e-05
7.251501000667112003e-08,-4.924129591280624008e-05
7.258172114743163131e-08,-4.909042111696673656e-05
7.264843228819212936e-08,-4.894000859976891640e-05
7.271514342895265388e-08,-4.879005694479822723e-05
7.278185456971315193e-08,-4.864056473998003565e-05
7.284856571047364998e-08,-4.849153057756606797e-05
7.291527685123416126e-08,-4.834295305412152175e-05
7.298198799199467255e-08,-4.819483077051145902e-05
7.304869913275518383e-08,-4.804716233188800599e-05
7.311541027351568188e-08,-4.789994634767699694e-05
7.318212141427617993e-08,-4.775318143156490969e-05
7.324883255503670445e-08,-4.760686620148576700e-05
7.331554369579720250e-08,-4.746099927960837012e-05
7.338225483655771378e-08,-4.731557929232297667e-05
7.344896597731821183e-08,-4.717060487022858834e-05
7.351567711807873635e-08,-4.702607464811999470e-05
7.358238825883923440e-08,-4.688198726497497281e-05
7.364909939959973244e-08,-4.673834136394135137e-05
7.371581054036024373e-08,-4.659513559232435941e-05
7.378252168112075501e-08,-4.645236860157375138e-05
7.384923282188126630e-08,-4.631003904727131176e-05
7.391594396264176435e-08,-4.616814558911800043e-05
7.398265510340227563e-08,-4.602668689092142342e-05
7.404936624416278691e-08,-4.588566162058321546e-05
7.411607738492328496e-08,-4.574506845008655814e-05
7.418278852568379625e-08,-4.560490605548363024e-05
7.424949966644429429e-08,-4.546517311688308519e-05
7.431621080720481881e-08,-4.532586831843771831e-05
7.438292194796531686e-08,-4.518699034833207977e-05
7.444963308872582815e-08,-4.504853789877001305e-05
7.451634422948632619e-08,-4.491050966596247119e-05
7.458305537024683748e-08,-4.477290435011505531e-05
7.464976651100734876e-08,-4.463572065541608830e-05
7.471647765176784681e-08,-4.449895729002407882e-05
7.478318879252835809e-08,-4.436261296605573400e-05
7.484989993328886938e-08,-4.422668639957377579e-05
7.491661107404938066e-08,-4.409117631057493338e-05
7.498332221480987871e-08,-4.395608142297782728e-05
7.505003335557037676e-08,-4.382140046461083298e-05
7.511674449633090128e-08,-4.368713216720034449e-05
7.518345563709139933e-08,-4.355327526635875327e-05
7.525016677785191061e-08,-4.341982850157232544e-05
7.531687791861240866e-08,-4.328679061618967541e-05
7.538358905937293318e-08,-4.315416035740964312e-05
7.545030020013343123e-08,-4.302193647626969983e-05
7.551701134089392928e-08,-4.289011772763408971e-05
7.558372248165444056e-08,-4.275870287018207299e-05
7.565043362241495184e-08,-4.262769066639631143e-05
7.571714476317546313e-08,-4.249707988255123353e-05
7.578385590393596118e-08,-4.236686928870131154e-05
7.585056704469647246e-08,-4.223705765866956214e-05
7.591727818545698374e-08,-4.210764377003594554e-05
7.598398932621748179e-08,-4.197862640412597450e-05
7.605070046697799308e-08,-4.185000434599905921e-05
7.611741160773849113e-08,-4.172177638443721125e-05
7.618412274849901565e-08,-4.159394131193351715e-05
7.625083388925951369e-08,-4.146649792468093724e-05
7.631754503002002498e-08,-4.133944502256081986e-05
7.638425617078052303e-08,-4.121278140913160537e-05
7.645096731154103431e-08,-4.108650589161763850e-05
7.651767845230154559e-08,-4.096061728089797399e-05
7.658438959306204364e-08,-4.083511439149497890e-05
7.665110073382255493e-08,-4.070999604156337538e-05
7.671781187458306621e-08,-4.058526105287899212e-05
7.678452301534357749e-08,-4.046090825082779350e-05
7.685123415610407554e-08,-4.033693646439461754e-05
7.691794529686457359e-08,-4.021334452615235410e-05
7.698465643762509811e-08,-4.009013127225081156e-05
7.705136757838559616e-08,-3.996729554240585446e-05
7.711807871914610744e-08,-3.984483617988843944e-05
7.718478985990660549e-08,-3.972275203151362424e-05
7.725150100066713001e-08,-3.960104194762990176e-05
7.731821214142762806e-08,-3.947970478210827681e-05
7.738492328218812611e-08,-3.935873939233137660e-05
7.745163442294863739e-08,-3.923814463918287300e-05
7.751834556370914868e-08,-3.911791938703661344e-05
7.758505670446965996e-08,-3.899806250374604315e-05
7.765176784523015801e-08,-3.887857286063341053e-05
7.771847898599065606e-08,-3.875944933247927080e-05
7.778519012675118058e-08,-3.864069079751173200e-05
7.785190126751167863e-08,-3.852229613739613476e-05
7.791861240827218991e-08,-3.840426423722429161e-05
7.798532354903268796e-08,-3.828659398550403120e-05
7.805203468979321248e-08,-3.816928427414885091e-05
7.811874583055371053e-08,-3.805233399846742049e-05
7.818545697131420857e-08,-3.793574205715305166e-05
7.825216811207471986e-08,-3.781950735227356089e-05
7.831887925283523114e-08,-3.770362878926068485e-05
7.838559039359574243e-08,-3.758810527690003119e-05
7.845230153435624048e-08,-3.747293572732059570e-05
7.851901267511675176e-08,-3.735811905598459789e-05
7.858572381587726304e-08,-3.724365418167723527e-05
7.865243495663776109e-08,-3.712954002649660032e-05
7.871914609739827238e-08,-3.701577551584340760e-05
7.878585723815877042e-08,-3.690235957841089717e-05
7.885256837891929494e-08,-3.678929114617483960e-05
7.891927951967979299e-08,-3.667656915438337833e-05
7.898599066044030428e-08,-3.656419254154706855e-05
7.905270180120080232e-08,-3.645216024942880096e-05
7.911941294196131361e-08,-3.634047122303388124e-05
7.918612408272182489e-08,-3.622912441060019097e-05
7.925283522348232294e-08,-3.611811876358809775e-05
7.931954636424283422e-08,-3.600745323667075160e-05
7.938625750500334551e-08,-3.589712678772408319e-05
7.945296864576385679e-08,-3.578713837781714088e-05
7.951967978652435484e-08,-3.567748697120224483e-05
7.958639092728485289e-08,-3.556817153530516141e-05
7.965310206804537741e-08,-3.545919104071548766e-05
7.971981320880587546e-08,-3.535054446117698838e-05
7.978652434956638674e-08,-3.524223077357772985e-05
7.985323549032688479e-08,-3.513424895794067441e-05
7.991994663108740931e-08,-3.502659799741389548e-05
7.998665777184790736e-08,-3.491927687826119930e-05
8.005336891260840541e-08,-3.481228458985236702e-05
8.012008005336891669e-08,-3.470562012465374930e-05
8.018679119412942797e-08,-3.459928247821878632e-05
8.025350233488993926e-08,-3.449327064917856163e-05
8.032021347565043731e-08,-3.438758363923227475e-05
8.038692461641094859e-08,-3.428222045313793057e-05
8.045363575717145987e-08,-3.417718009870290683e-05
8.052034689793195792e-08,-3.407246158677473835e-05
8.058705803869246921e-08,-3.396806393123159639e-05
8.065376917945296726e-08,-3.386398614897318139e-05
8.072048032021349177e-08,-3.376022725991134458e-05
8.078719146097398982e-08,-3.365678628696101458e-05
8.085390260173450111e-08,-3.355366225603079194e-05
8.092061374249499916e-08,-3.345085419601391639e-05
8.098732488325551044e-08,-3.334836113877906466e-05
8.105403602401602172e-08,-3.324618211916130419e-05
8.112074716477651977e-08,-3.314431617495294514e-05
8.118745830553703106e-08,-3.304276234689441282e-05
8.125416944629754234e-08,-3.294151967866535715e-05
8.132088058705805362e-08,-3.284058721687559964e-05
8.138759172781855167e-08,-3.273996401105606674e-05
8.145430286857904972e-08,-3.263964911364998066e-05
8.152101400933957424e-08,-3.253964158000377245e-05
8.158772515010007229e-08,-3.243994046835838122e-05
8.165443629086058357e-08,-3.234054483984023499e-05
8.172114743162108162e-08,-3.224145375845243475e-05
8.178785857238160614e-08,-3.214266629106597917e-05
8.185456971314210419e-08,-3.204418150741100973e-05
8.192128085390260224e-08,-3.194599848006793373e-05
8.198799199466311352e-08,-3.184811628445878464e-05
8.205470313542362481e-08,-3.175053399883848068e-05
8.212141427618413609e-08,-3.165325070428621216e-05
8.218812541694463414e-08,-3.155626548469664595e-05
8.225483655770513219e-08,-3.145957742677144833e-05
8.232154769846565671e-08,-3.136318562001053686e-05
8.238825883922615476e-08,-3.126708915670370489e-05
8.245496997998666604e-08,-3.117128713192188699e-05
8.252168112074716409e-08,-3.107577864350869536e-05
8.258839226150768861e-08,-3.098056279207196987e-05
8.265510340226818666e-08,-3.088563868097528059e-05
8.272181454302868470e-08,-3.079100541632945071e-05
8.278852568378919599e-08,-3.069666210698420138e-05
8.285523682454970727e-08,-3.060260786451968142e-05
8.292194796531021856e-08,-3.050884180323821715e-05
8.298865910607071661e-08,-3.041536304015582184e-05
8.305537024683122789e-08,-3.032217069499402342e-05
8.312208138759173917e-08,-3.022926389017144166e-05
8.318879252835223722e-08,-3.013664175079568036e-05
8.325550366911274851e-08,-3.004430340465495523e-05
8.332221480987324655e-08,-2.995224798220991839e-05
8.338892595063377107e-08,-2.986047461658546923e-05
8.345563709139426912e-08,-2.976898244356268724e-05
8.352234823215478041e-08,-2.967777060157050065e-05
8.358905937291527845e-08,-2.958683823167774460e-05
8.365577051367578974e-08,-2.949618447758495850e-05
8.372248165443630102e-08,-2.940580848561644424e-05
8.378919279519679907e-08,-2.931570940471209401e-05
8.385590393595731035e-08,-2.922588638641947226e-05
8.392261507671782164e-08,-2.913633858488574174e-05
8.398932621747833292e-08,-2.904706515684981325e-05
8.405603735823883097e-08,-2.895806526163432590e-05
8.412274849899932902e-08,-2.886933806113768498e-05
8.418945963975985354e-08,-2.878088271982627610e-05
8.425617078052035159e-08,-2.869269840472658771e-05
8.432288192128086287e-08,-2.860478428541723549e-05
8.438959306204136092e-08,-2.851713953402132547e-05
8.445630420280188544e-08,-2.842976332519846824e-05
8.452301534356238349e-08,-2.834265483613721657e-05
8.458972648432288154e-08,-2.825581324654716098e-05
8.465643762508339282e-08,-2.816923773865123864e-05
8.472314876584390410e-08,-2.808292749717801858e-05
8.478985990660441539e-08,-2.799688170935414619e-05
8.485657104736491344e-08,-2.791109956489653017e-05
8.492328218812541149e-08,-2.782558025600474633e-05
8.498999332888593600e-08,-2.774032297735351597e-05
8.505670446964643405e-08,-2.765532692608506900e-05
8.512341561040694534e-08,-2.757059130180154435e-05
8.519012675116744339e-08,-2.748611530655751240e-05
8.525683789192796790e-08,-2.740189814485243300e-05
8.532354903268846595e-08,-2.731793902362317103e-05
8.539026017344896400e-08,-2.723423715223655274e-05
8.545697131420948852e-08,-2.715079174248182713e-05
8.552368245496998657e-08,-2.706760200856338482e-05
8.559039359573049785e-08,-2.698466716709326020e-05
8.565710473649099590e-08,-2.690198643708376894e-05
8.572381587725152042e-08,-2.681955903994014898e-05
8.579052701801201847e-08,-2.673738419945328966e-05
8.585723815877251652e-08,-2.665546114179235905e-05
8.592394929953302780e-08,-2.657378909549748568e-05
8.599066044029353909e-08,-2.649236729147259257e-05
8.605737158105405037e-08,-2.641119496297812634e-05
8.612408272181454842e-08,-2.633027134562373542e-05
8.619079386257505970e-08,-2.624959567736123635e-05
8.625750500333557099e-08,-2.616916719847726486e-05
8.632421614409606904e-08,-2.608898515158630311e-05
8.639092728485658032e-08,-2.600904878162338507e-05
8.645763842561707837e-08,-2.592935733583708985e-05
8.652434956637760289e-08,-2.584991006378238593e-05
8.659106070713810094e-08,-2.577070621731363811e-05
8.665777184789861222e-08,-2.569174505057750257e-05
8.672448298865911027e-08,-2.561302582000588634e-05
8.679119412941962155e-08,-2.553454778430902533e-05
8.685790527018013284e-08,-2.545631020446848108e-05
8.692461641094063089e-08,-2.537831234373007989e-05
8.699132755170114217e-08,-2.530055346759711623e-05
8.705803869246165345e-08,-2.522303284382334268e-05
8.712474983322216474e-08,-2.514574974240614625e-05
8.719146097398266279e-08,-2.506870343557957560e-05
8.725817211474316083e-08,-2.499189319780759864e-05
8.732488325550368535e-08,-2.491531830577718739e-05
8.739159439626418340e-08,-2.483897803839155185e-05
8.745830553702469469e-08,-2.476287167676331292e-05
8.752501667778519273e-08,-2.468699850420779391e-05
8.759172781854571725e-08,-2.461135780623616295e-05
8.765843895930621530e-08,-2.453594887054885663e-05
8.772515010006671335e-08,-2.446077098702874954e-05
8.779186124082722464e-08,-2.438582344773448978e-05
8.785857238158773592e-08,-2.431110554689384131e-05
8.792528352234824720e-08,-2.423661658089713809e-05
8.799199466310874525e-08,-2.416235584829046711e-05
8.805870580386925654e-08,-2.408832264976917001e-05
8.812541694462976782e-08,-2.401451628817131073e-05
8.819212808539026587e-08,-2.394093606847099749e-05
8.825883922615077715e-08,-2.386758129777191828e-05
8.832555036691127520e-08,-2.379445128530076445e-05
8.839226150767179972e-08,-2.372154534240076279e-05
8.845897264843229777e-08,-2.364886278252518388e-05
8.852568378919280905e-08,-2.357640292123084700e-05
8.859239492995330710e-08,-2.350416507617171660e-05
8.865910607071381838e-08,-2.343214856709245129e-05
8.872581721147432967e-08,-2.336035271582200703e-05
8.879252835223482772e-08,-2.328877684626724036e-05
8.885923949299533900e-08,-2.321742028440658274e-05
8.892595063375585029e-08,-2.314628235828355905e-05
8.899266177451636157e-08,-2.307536239800071271e-05
8.905937291527685962e-08,-2.300465973571303604e-05
8.912608405603735767e-08,-2.293417370562185470e-05
8.919279519679788219e-08,-2.286390364396838348e-05
8.925950633755838023e-08,-2.279384888902774285e-05
8.932621747831889152e-08,-2.272400878110247745e-05
8.939292861907938957e-08,-2.265438266251642698e-05
8.945963975983991409e-08,-2.258496987760855978e-05
8.952635090060041213e-08,-2.251576977272686067e-05
8.959306204136091018e-08,-2.244678169622196462e-05
8.965977318212142147e-08,-2.237800499844123090e-05
8.972648432288193275e-08,-2.230943903172255302e-05
8.979319546364244403e-08,-2.224108315038820244e-05
8.985990660440294208e-08,-2.217293671073886885e-05
8.992661774516344013e-08,-2.210499907104745653e-05
8.999332888592396465e-08,-2.203726959155317543e-05
9.006004002668446270e-08,-2.196974763445541542e-05
9.012675116744497398e-08,-2.190243256390781370e-05
9.019346230820547203e-08,-2.183532374601219339e-05
9.026017344896599655e-08,-2.176842054881267160e-05
9.032688458972649460e-08,-2.170172234228965905e-05
9.039359573048699265e-08,-2.163522849835391388e-05
9.046030687124750393e-08,-2.156893839084072085e-05
9.052701801200801522e-08,-2.150285139550380965e-05
9.059372915276852650e-08,-2.143696689000972719e-05
9.066044029352902455e-08,-2.137128425393177626e-05
9.072715143428953583e-08,-2.130580286874421165e-05
9.079386257505004712e-08,-2.124052211781647691e-05
9.086057371581054517e-08,-2.117544138640739716e-05
9.092728485657105645e-08,-2.111056006165934126e-05
9.099399599733155450e-08,-2.104587753259239767e-05
9.106070713809207902e-08,-2.098139319009875351e-05
9.112741827885257707e-08,-2.091710642693693812e-05
9.119412941961308835e-08,-2.085301663772595485e-05
9.126084056037358640e-08,-2.078912321893977192e-05
9.132755170113409768e-08,-2.072542556890151518e-05
9.139426284189460897e-08,-2.066192308777785398e-05
9.146097398265510702e-08,-2.059861517757334635e-05
9.152768512341561830e-08,-2.053550124212478764e-05
9.159439626417612958e-08,-2.047258068709561669e-05
9.166110740493664087e-08,-2.040985291997032540e-05
9.172781854569713892e-08,-2.034731735004884122e-05
9.179452968645763696e-08,-2.028497338844101469e-05
9.186124082721816148e-08,-2.022282044806103572e-05
9.192795196797865953e-08,-2.016085794362192121e-05
9.199466310873917082e-08,-2.009908529162999905e-05
9.206137424949966886e-08,-2.003750191037944657e-05
9.212808539026019338e-08,-1.997610721994668646e-05
9.219479653102069143e-08,-1.991490064218514542e-05
9.226150767178118948e-08,-1.985388160071962981e-05
9.232821881254170077e-08,-1.979304952094090804e-05
9.239492995330221205e-08,-1.973240383000039798e-05
9.246164109406272333e-08,-1.967194395680474934e-05
9.252835223482322138e-08,-1.961166933201034812e-05
9.259506337558371943e-08,-1.955157938801810227e-05
9.266177451634424395e-08,-1.949167355896801729e-05
9.272848565710474200e-08,-1.943195128073393787e-05
9.279519679786525328e-08,-1.937241199091808958e-05
9.286190793862575133e-08,-1.931305512884595602e-05
9.292861907938627585e-08,-1.925388013556088155e-05
9.299533022014677390e-08,-1.919488645381888065e-05
9.306204136090727195e-08,-1.913607352808332872e-05
9.312875250166778323e-08,-1.907744080451976470e-05
9.319546364242829451e-08,-1.901898773099068687e-05
9.326217478318880580e-08,-1.896071375705030807e-05
9.332888592394930385e-08,-1.890261833393943957e-05
9.339559706470981513e-08,-1.884470091458026320e-05
9.346230820547032642e-08,-1.878696095357116109e-05
9.352901934623082446e-08,-1.872939790718170796e-05
9.359573048699133575e-08,-1.867201123334739246e-05
9.366244162775183380e-08,-1.861480039166462980e-05
9.372915276851235832e-08,-1.855776484338554066e-05
9.379586390927285636e-08,-1.850090405141308585e-05
9.386257505003336765e-08,-1.844421748029581804e-05
9.392928619079386570e-08,-1.838770459622288093e-05
9.399599733155439022e-08,-1.833136486701904223e-05
9.406270847231488826e-08,-1.827519776213969955e-05
9.412941961307538631e-08,-1.821920275266572365e-05
9.419613075383589760e-08,-1.816337931129867445e-05
9.426284189459640888e-08,-1.810772691235570182e-05
9.432955303535692016e-08,-1.805224503176468029e-05
9.439626417611741821e-08,-1.799693314705920811e-05
9.446297531687791626e-08,-1.794179073737371821e-05
9.452968645763844078e-08,-1.788681728343857557e-05
9.459639759839893883e-08,-1.783201226757517797e-05
9.466310873915945011e-08,-1.777737517369109744e-05
9.472981987991994816e-08,-1.772290548727519112e-05
9.479653102068047268e-08,-1.766860269539276309e-05
9.486324216144097073e-08,-1.761446628668079042e-05
9.492995330220146878e-08,-1.756049575134300365e-05
9.499666444296198006e-08,-1.750669058114520438e-05
9.506337558372249135e-08,-1.745305026941031858e-05
9.513008672448300263e-08,-1.739957431101384975e-05
9.519679786524350068e-08,-1.734626220237893559e-05
9.526350900600401196e-08,-1.729311344147164194e-05
9.533022014676452325e-08,-1.724012752779628712e-05
9.539693128752502130e-08,-1.718730396239072564e-05
9.546364242828553258e-08,-1.713464224782162520e-05
9.553035356904603063e-08,-1.708214188817972664e-05
9.559706470980655515e-08,-1.702980238907526658e-05
9.566377585056705320e-08,-1.697762325763333571e-05
9.573048699132756448e-08,-1.692560400248909472e-05
9.579719813208806253e-08,-1.687374413378330877e-05
9.586390927284857381e-08,-1.682204316315764471e-05
9.593062041360908510e-08,-1.677050060375009379e-05
9.599733155436958315e-08,-1.671911597019038744e-05
9.606404269513009443e-08,-1.666788877859542336e-05
9.613075383589060571e-08,-1.661681854656472197e-05
9.619746497665111700e-08,-1.656590479317587283e-05
9.626417611741161505e-08,-1.651514703897998771e-05
9.633088725817211309e-08,-1.646454480599723167e-05
9.639759839893263761e-08,-1.641409761771226602e-05
9.646430953969313566e-08,-1.636380499906982003e-05
9.653102068045364695e-08,-1.631366647647016101e-05
9.659773182121414499e-08,-1.626368157776468971e-05
9.666444296197466951e-08,-1.621384983225141041e-05
9.673115410273516756e-08,-1.616417077067062460e-05
9.679786524349566561e-08,-1.611464392520040782e-05
9.686457638425617690e-08,-1.606526882945220850e-05
9.693128752501668818e-08,-1.601604501846650772e-05
9.699799866577719946e-08,-1.596697202870847227e-05
9.706470980653769751e-08,-1.591804939806343487e-05
9.713142094729819556e-08,-1.586927666583270305e-05
9.719813208805872008e-08,-1.582065337272913088e-05
9.726484322881921813e-08,-1.577217906087289393e-05
9.733155436957972941e-08,-1.572385327378700005e-05
9.739826551034022746e-08,-1.567567555639316936e-05
9.746497665110075198e-08,-1.562764545500746016e-05
9.753168779186125003e-08,-1.557976251733601011e-05
9.759839893262174808e-08,-1.553202629247078407e-05
9.766511007338225936e-08,-1.548443633088531524e-05
9.773182121414277064e-08,-1.543699218443049030e-05
9.779853235490328193e-08,-1.538969340633032445e-05
9.786524349566377998e-08,-1.534253955117773299e-05
9.793195463642429126e-08,-1.529553017493037072e-05
9.799866577718480254e-08,-1.524866483490642216e-05
9.806537691794530059e-08,-1.520194308978045278e-05
9.813208805870581188e-08,-1.515536449957923655e-05
9.819879919946630993e-08,-1.510892862567763595e-05
9.826551034022683445e-08,-1.506263503079440236e-05
9.833222148098733249e-08,-1.501648327898819844e-05
9.839893262174784378e-08,-1.497047293565336293e-05
9.846564376250834183e-08,-1.492460356751582796e-05
9.853235490326885311e-08,-1.487887474262911427e-05
9.859906604402936439e-08,-1.483328603037024177e-05
9.866577718478986244e-08,-1.478783700143558920e-05
9.873248832555037373e-08,-1.474252722783697408e-05
9.879919946631088501e-08,-1.469735628289753443e-05
9.886591060707139629e-08,-1.465232374124776299e-05
9.893262174783189434e-08,-1.460742917882146342e-05
9.899933288859239239e-08,-1.456267217285177272e-05
9.906604402935291691e-08,-1.451805230186719873e-05
9.913275517011341496e-08,-1.447356914568761541e-05
9.919946631087392624e-08,-1.442922228542032581e-05
9.926617745163442429e-08,-1.438501130345613184e-05
9.933288859239494881e-08,-1.434093578346536677e-05
9.939959973315544686e-08,-1.429699531039400395e-05
9.946631087391594491e-08,-1.425318947045972998e-05
9.953302201467645619e-08,-1.420951785114807886e-05
9.959973315543696748e-08,-1.416598004120846614e-05
9.966644429619747876e-08,-1.412257563065045524e-05
9.973315543695797681e-08,-1.407930421073975776e-05
9.979986657771848809e-08,-1.403616537399447601e-05
9.986657771847899938e-08,-1.399315871418118466e-05
9.993328885923949743e-08,-1.395028382631121225e-05
1.000000000000000087e-07,-1.390754030663674996e-05
