0.000000000000000000e+00,-0.000000000000000000e+00
6.671114076050700571e-11,-1.483759456340903347e-04
1.334222815210140114e-10,-2.763129972550332387e-04
2.001334222815210559e-10,-3.864447966101200471e-04
2.668445630420280228e-10,-4.809770009634613524e-04
3.335557038025350156e-10,-5.617815303474369944e-04
4.002668445630421118e-10,-6.304662251818075446e-04
4.669779853235491046e-10,-6.884266619659545026e-04
5.336891260840560457e-10,-7.368850159821657350e-04
6.004002668445630902e-10,-7.769195089025137096e-04
6.671114076050700313e-10,-8.094869985810588739e-04
7.338225483655770758e-10,-8.354405576325675195e-04
8.005336891260842236e-10,-8.555433731491700420e-04
8.672448298865911647e-10,-8.704799283967687082e-04
9.339559706470982092e-10,-8.808651593897449906e-04
1.000667111407605150e-09,-8.872520863203582457e-04
1.067378252168112091e-09,-8.901382811459204085e-04
1.134089392928619239e-09,-8.899714331190193084e-04
1.200800533689126180e-09,-8.871542027339162674e-04
1.267511674449633121e-09,-8.820485035255544448e-04
1.334222815210140063e-09,-8.749793146636706750e-04
1.400933955970647210e-09,-8.662381011972435877e-04
1.467645096731154152e-09,-8.560859001464546890e-04
1.534356237491661093e-09,-8.447561172718060906e-04
1.601067378252168447e-09,-8.324570697408305037e-04
1.667778519012675388e-09,-8.193743029672551168e-04
1.734489659773182329e-09,-8.056727048355847610e-04
1.801200800533689271e-09,-7.914984367921191468e-04
1.867911941294196418e-09,-7.769806984893899487e-04
1.934623082054703153e-09,-7.622333405386177768e-04
2.001334222815210301e-09,-7.473563382598676173e-04
2.068045363575717448e-09,-7.324371379863615483e-04
2.134756504336224183e-09,-7.175518863832890072e-04
2.201467645096731331e-09,-7.027665523167763665e-04
2.268178785857238479e-09,-6.881379500100858046e-04
2.334889926617745213e-09,-6.737146715203413483e-04
2.401601067378252361e-09,-6.595379359385580712e-04
2.468312208138759509e-09,-6.456423621437597325e-04
2.535023348899266243e-09,-6.320566714181248547e-04
2.601734489659773391e-09,-6.188043257473788659e-04
2.668445630420280125e-09,-6.059041071838170431e-04
2.735156771180787273e-09,-5.933706432347839784e-04
2.801867911941294421e-09,-5.812148828542448246e-04
2.868579052701801155e-09,-5.694445272570560542e-04
2.935290193462308303e-09,-5.580644194428212301e-04
3.002001334222815451e-09,-5.470768960071380237e-04
3.068712474983322185e-09,-5.364821045312132388e-04
3.135423615743829333e-09,-5.262782895748220526e-04
3.202134756504336895e-09,-5.164620500511951521e-04
3.268845897264843629e-09,-5.070285705343882589e-04
3.335557038025350777e-09,-4.979718288388725825e-04
3.402268178785857925e-09,-4.892847820163650618e-04
3.468979319546364659e-09,-4.809595327352241944e-04
3.535690460306871807e-09,-4.729874778420617800e-04
3.602401601067378541e-09,-4.653594407525700623e-04
3.669112741827885689e-09,-4.580657891780435653e-04
3.735823882588392837e-09,-4.510965395647851097e-04
3.802535023348899985e-09,-4.444414495047290751e-04
3.869246164109406305e-09,-4.380900992663890286e-04
3.935957304869913453e-09,-4.320319634949446193e-04
4.002668445630420601e-09,-4.262564740382157103e-04
4.069379586390927749e-09,-4.207530747708263050e-04
4.136090727151434897e-09,-4.155112692114088348e-04
4.202801867911942045e-09,-4.105206616567293990e-04
4.269513008672448366e-09,-4.057709924915886557e-04
4.336224149432955513e-09,-4.012521682738001672e-04
4.402935290193462661e-09,-3.969542871390541595e-04
4.469646430953969809e-09,-3.928676600205927905e-04
4.536357571714476957e-09,-3.889828281330201770e-04
4.603068712474983278e-09,-3.852905771278654010e-04
4.669779853235490426e-09,-3.817819482904170935e-04
4.736490993995997574e-09,-3.784482471125365753e-04
4.803202134756504721e-09,-3.752810495443800872e-04
4.869913275517011869e-09,-3.722722061989511863e-04
4.936624416277519017e-09,-3.694138447569516952e-04
5.003335557038025338e-09,-3.666983707952696969e-04
5.070046697798532486e-09,-3.641184672404562585e-04
5.136757838559039634e-09,-3.616670926285176272e-04
5.203468979319546782e-09,-3.593374783341098349e-04
5.270180120080053929e-09,-3.571231249156360922e-04
5.336891260840560250e-09,-3.550177977076516222e-04
5.403602401601067398e-09,-3.530155217782710692e-04
5.470313542361574546e-09,-3.511105763568125545e-04
5.537024683122081694e-09,-3.492974888256082330e-04
5.603735823882588842e-09,-3.475710283596480953e-04
5.670446964643095990e-09,-3.459261992884343144e-04
5.737158105403602310e-09,-3.443582342459953886e-04
5.803869246164109458e-09,-3.428625871673927623e-04
5.870580386924616606e-09,-3.414349261831581598e-04
5.937291527685123754e-09,-3.400711264568813744e-04
6.004002668445630902e-09,-3.387672630055409205e-04
6.070713809206137223e-09,-3.375196035371157838e-04
6.137424949966644370e-09,-3.363246013354474610e-04
6.204136090727151518e-09,-3.351788882182253648e-04
6.270847231487658666e-09,-3.340792675902808638e-04
6.337558372248165814e-09,-3.330227076110713383e-04
6.404269513008673789e-09,-3.320063344922774421e-04
6.470980653769180110e-09,-3.310274259387872928e-04
6.537691794529687258e-09,-3.300834047439810104e-04
6.604402935290194406e-09,-3.291718325481247974e-04
6.671114076050701553e-09,-3.282904037668144329e-04
6.737825216811208701e-09,-3.274369396947454788e-04
6.804536357571715849e-09,-3.266093827886277839e-04
6.871247498332222170e-09,-3.258057911317606089e-04
6.937958639092729318e-09,-3.250243330816547974e-04
7.004669779853236466e-09,-3.242632821010874261e-04
7.071380920613743614e-09,-3.235210117721093372e-04
7.138092061374250761e-09,-3.227959909917715690e-04
7.204803202134757082e-09,-3.220867793476862319e-04
7.271514342895264230e-09,-3.213920226709798280e-04
7.338225483655771378e-09,-3.207104487637221302e-04
7.404936624416278526e-09,-3.200408632975148605e-04
7.471647765176785674e-09,-3.193821458795901452e-04
7.538358905937291994e-09,-3.187332462824931235e-04
7.605070046697799969e-09,-3.180931808332050506e-04
7.671781187458306290e-09,-3.174610289573869459e-04
7.738492328218812611e-09,-3.168359298742916730e-04
7.805203468979320586e-09,-3.162170794377983920e-04
7.871914609739826907e-09,-3.156037271189569707e-04
7.938625750500334882e-09,-3.149951731253998011e-04
8.005336891260841202e-09,-3.143907656529665415e-04
8.072048032021349177e-09,-3.137898982649005861e-04
8.138759172781855498e-09,-3.131920073940060948e-04
8.205470313542361819e-09,-3.125965699632063518e-04
8.272181454302869794e-09,-3.120031011200000018e-04
8.338892595063376115e-09,-3.114111520803930283e-04
8.405603735823884090e-09,-3.108203080779592029e-04
8.472314876584390410e-09,-3.102301864137835957e-04
8.539026017344896731e-09,-3.096404346031349166e-04
8.605737158105404706e-09,-3.090507286148232646e-04
8.672448298865911027e-09,-3.084607711993034036e-04
8.739159439626419002e-09,-3.078702903017019126e-04
8.805870580386925323e-09,-3.072790375560563382e-04
8.872581721147431643e-09,-3.066867868571741687e-04
8.939292861907939618e-09,-3.060933330066367090e-04
9.006004002668445939e-09,-3.054984904295870453e-04
9.072715143428953914e-09,-3.049020919590623969e-04
9.139426284189460235e-09,-3.043039876847482956e-04
9.206137424949966556e-09,-3.037040438631404601e-04
9.272848565710474531e-09,-3.031021418862226867e-04
9.339559706470980851e-09,-3.024981773058758221e-04
9.406270847231488826e-09,-3.018920589113416818e-04
9.472981987991995147e-09,-3.012837078571788054e-04
9.539693128752503122e-09,-3.006730568392437602e-04
9.606404269513009443e-09,-3.000600493163426731e-04
9.673115410273515764e-09,-2.994446387752888500e-04
9.739826551034023739e-09,-2.988267880372062106e-04
9.806537691794530059e-09,-2.982064686030066287e-04
9.873248832555038034e-09,-2.975836600360636463e-04
9.939959973315544355e-09,-2.969583493801907382e-04
1.000667111407605068e-08,-2.963305306111185507e-04
1.007338225483655865e-08,-2.957002041197470698e-04
1.014009339559706497e-08,-2.950673762255270091e-04
1.020680453635757295e-08,-2.944320587184029859e-04
1.027351567711807927e-08,-2.937942684278203897e-04
1.034022681787858559e-08,-2.931540268173743902e-04
1.040693795863909356e-08,-2.925113596037395998e-04
1.047364909939959988e-08,-2.918662963985915433e-04
1.054036024016010786e-08,-2.912188703722868189e-04
1.060707138092061418e-08,-2.905691179381339928e-04
1.067378252168112050e-08,-2.899170784561403433e-04
1.074049366244162848e-08,-2.892627939551777896e-04
1.080720480320213480e-08,-2.886063088725600236e-04
1.087391594396264277e-08,-2.879476698100781021e-04
1.094062708472314909e-08,-2.872869253055838228e-04
1.100733822548365707e-08,-2.866241256192614381e-04
1.107404936624416339e-08,-2.859593225337677238e-04
1.114076050700466971e-08,-2.852925691674652528e-04
1.120747164776517768e-08,-2.846239198000119421e-04
1.127418278852568400e-08,-2.839534297096078862e-04
1.134089392928619198e-08,-2.832811550212371941e-04
1.140760507004669830e-08,-2.826071525652781055e-04
1.147431621080720462e-08,-2.819314797458846960e-04
1.154102735156771260e-08,-2.812541944185764945e-04
1.160773849232821892e-08,-2.805753547765042115e-04
1.167444963308872689e-08,-2.798950192448827626e-04
1.174116077384923321e-08,-2.792132463831154595e-04
1.180787191460973953e-08,-2.785300947941545999e-04
1.187458305537024751e-08,-2.778456230406704678e-04
1.194129419613075383e-08,-2.771598895676230891e-04
1.200800533689126180e-08,-2.764729526308528826e-04
1.207471647765176812e-08,-2.757848702313269416e-04
1.214142761841227445e-08,-2.750957000546994796e-04
1.220813875917278242e-08,-2.744054994158603099e-04
1.227484989993328874e-08,-2.737143252081666455e-04
1.234156104069379672e-08,-2.730222338570681938e-04
1.240827218145430304e-08,-2.723292812778517870e-04
1.247498332221481101e-08,-2.716355228372485902e-04
1.254169446297531733e-08,-2.709410133186591300e-04
1.260840560373582365e-08,-2.702458068907669423e-04
1.267511674449633163e-08,-2.695499570793234039e-04
1.274182788525683795e-08,-2.688535167418990490e-04
1.280853902601734758e-08,-2.681565380454087083e-04
1.287525016677785390e-08,-2.674590724462277838e-04
1.294196130753836022e-08,-2.667611706727288957e-04
1.300867244829886819e-08,-2.660628827100758927e-04
1.307538358905937452e-08,-2.653642577871242504e-04
1.314209472981988249e-08,-2.646653443652833876e-04
1.320880587058038881e-08,-2.639661901292054296e-04
1.327551701134089513e-08,-2.632668419791743260e-04
1.334222815210140311e-08,-2.625673460250750298e-04
1.340893929286190943e-08,-2.618677475818280312e-04
1.347565043362241740e-08,-2.611680911661875995e-04
1.354236157438292372e-08,-2.604684204947992185e-04
1.360907271514343170e-08,-2.597687784834258455e-04
1.367578385590393802e-08,-2.590692072472528971e-04
1.374249499666444434e-08,-2.583697481021904308e-04
1.380920613742495231e-08,-2.576704415670946747e-04
1.387591727818545864e-08,-2.569713273668341514e-04
1.394262841894596661e-08,-2.562724444361350181e-04
1.400933955970647293e-08,-2.555738309241382933e-04
1.407605070046697925e-08,-2.548755241996104783e-04
1.414276184122748723e-08,-2.541775608567507609e-04
1.420947298198799355e-08,-2.534799767215412960e-04
1.427618412274850152e-08,-2.527828068585916653e-04
1.434289526350900784e-08,-2.520860855784304625e-04
1.440960640426951416e-08,-2.513898464452010684e-04
1.447631754503002214e-08,-2.506941222847206344e-04
1.454302868579052846e-08,-2.499989451928644343e-04
1.460973982655103644e-08,-2.493043465442398615e-04
1.467645096731154276e-08,-2.486103570011175988e-04
1.474316210807204908e-08,-2.479170065225872713e-04
1.480987324883255705e-08,-2.472243243739121062e-04
1.487658438959306337e-08,-2.465323391360512632e-04
1.494329553035357135e-08,-2.458410787153283159e-04
1.501000667111407932e-08,-2.451505703532215973e-04
1.507671781187458399e-08,-2.444608406362533165e-04
1.514342895263509196e-08,-2.437719155059599630e-04
1.521014009339559994e-08,-2.430838202689224506e-04
1.527685123415610461e-08,-2.423965796068406871e-04
1.534356237491661258e-08,-2.417102175866361153e-04
1.541027351567712056e-08,-2.410247576705662898e-04
1.547698465643762522e-08,-2.403402227263395073e-04
1.554369579719813320e-08,-2.396566350372148814e-04
1.561040693795864117e-08,-2.389740163120780236e-04
1.567711807871914915e-08,-2.382923876954801048e-04
1.574382921947965381e-08,-2.376117697776313528e-04
1.581054036024016179e-08,-2.369321826043393109e-04
1.587725150100066976e-08,-2.362536456868841303e-04
1.594396264176117443e-08,-2.355761780118227665e-04
1.601067378252168240e-08,-2.348997980507154927e-04
1.607738492328219038e-08,-2.342245237697684142e-04
1.614409606404269835e-08,-2.335503726393861840e-04
1.621080720480320302e-08,-2.328773616436300407e-04
1.627751834556371100e-08,-2.322055072895761265e-04
1.634422948632421897e-08,-2.315348256165703454e-04
1.641094062708472364e-08,-2.308653322053758311e-04
1.647765176784523161e-08,-2.301970421872099888e-04
1.654436290860573959e-08,-2.295299702526680215e-04
1.661107404936624425e-08,-2.288641306605301753e-04
1.667778519012675223e-08,-2.281995372464515380e-04
1.674449633088726020e-08,-2.275362034315311672e-04
1.681120747164776818e-08,-2.268741422307600844e-04
1.687791861240827285e-08,-2.262133662613464036e-04
1.694462975316878082e-08,-2.255538877509162630e-04
1.701134089392928880e-08,-2.248957185455905891e-04
1.707805203468979346e-08,-2.242388701179362563e-04
1.714476317545030144e-08,-2.235833535747916412e-04
1.721147431621080941e-08,-2.229291796649668974e-04
1.727818545697131739e-08,-2.222763587868175955e-04
1.734489659773182205e-08,-2.216249009956932465e-04
1.741160773849233003e-08,-2.209748160112604638e-04
1.747831887925283800e-08,-2.203261132247009003e-04
1.754503002001334267e-08,-2.196788017057850170e-04
1.761174116077385065e-08,-2.190328902098221168e-04
1.767845230153435862e-08,-2.183883871844872137e-04
1.774516344229486329e-08,-2.177453007765261183e-04
1.781187458305537126e-08,-2.171036388383394179e-04
1.787858572381587924e-08,-2.164634089344458939e-04
1.794529686457638721e-08,-2.158246183478274352e-04
1.801200800533689188e-08,-2.151872740861560454e-04
1.807871914609739985e-08,-2.145513828879041618e-04
1.814543028685790783e-08,-2.139169512283396702e-04
1.821214142761841249e-08,-2.132839853254071057e-04
1.827885256837892047e-08,-2.126524911454959329e-04
1.834556370913942844e-08,-2.120224744090979676e-04
1.841227484989993311e-08,-2.113939405963548594e-04
1.847898599066044109e-08,-2.107668949524972091e-04
1.854569713142094906e-08,-2.101413424931770273e-04
1.861240827218145704e-08,-2.095172880096946727e-04
1.867911941294196170e-08,-2.088947360741222770e-04
1.874583055370246968e-08,-2.082736910443246309e-04
1.881254169446297765e-08,-2.076541570688795644e-04
1.887925283522348232e-08,-2.070361380918990686e-04
1.894596397598399029e-08,-2.064196378577530294e-04
1.901267511674449827e-08,-2.058046599156963038e-04
1.907938625750500624e-08,-2.051912076244022029e-04
1.914609739826551091e-08,-2.045792841564025443e-04
1.921280853902601889e-08,-2.039688925024363048e-04
1.927951967978652686e-08,-2.033600354757085840e-04
1.934623082054703153e-08,-2.027527157160614489e-04
1.941294196130753950e-08,-2.021469356940578516e-04
1.947965310206804748e-08,-2.015426977149801407e-04
1.954636424282855214e-08,-2.009400039227457382e-04
1.961307538358906012e-08,-2.003388563037393065e-04
1.967978652434956809e-08,-1.997392566905654976e-04
1.974649766511007607e-08,-1.991412067657216873e-04
1.981320880587058074e-08,-1.985447080651932717e-04
1.987991994663108871e-08,-1.979497619819726344e-04
1.994663108739159669e-08,-1.973563697695029527e-04
2.001334222815210135e-08,-1.967645325450492256e-04
2.008005336891260933e-08,-1.961742512929964713e-04
2.014676450967311730e-08,-1.955855268680774511e-04
2.021347565043362528e-08,-1.949983599985316010e-04
2.028018679119412994e-08,-1.944127512891953330e-04
2.034689793195463792e-08,-1.938287012245259024e-04
2.041360907271514589e-08,-1.932462101715601136e-04
2.048032021347565056e-08,-1.926652783828086528e-04
2.054703135423615853e-08,-1.920859059990879148e-04
2.061374249499666651e-08,-1.915080930522904113e-04
2.068045363575717118e-08,-1.909318394680943002e-04
2.074716477651767915e-08,-1.903571450686142601e-04
2.081387591727818713e-08,-1.897840095749945492e-04
2.088058705803869510e-08,-1.892124326099452528e-04
2.094729819879919977e-08,-1.886424137002226664e-04
2.101400933955970774e-08,-1.880739522790554152e-04
2.108072048032021572e-08,-1.875070476885178810e-04
2.114743162108072038e-08,-1.869416991818500693e-04
2.121414276184122836e-08,-1.863779059257277394e-04
2.128085390260173633e-08,-1.858156670024813323e-04
2.134756504336224100e-08,-1.852549814122666518e-04
2.141427618412274898e-08,-1.846958480751871091e-04
2.148098732488325695e-08,-1.841382658333687772e-04
2.154769846564376493e-08,-1.835822334529899091e-04
2.161440960640426959e-08,-1.830277496262651903e-04
2.168112074716477757e-08,-1.824748129733853765e-04
2.174783188792528554e-08,-1.819234220444146746e-04
2.181454302868579021e-08,-1.813735753211447011e-04
2.188125416944629818e-08,-1.808252712189081356e-04
2.194796531020680616e-08,-1.802785080883510934e-04
2.201467645096731413e-08,-1.797332842171663037e-04
2.208138759172781880e-08,-1.791895978317869587e-04
2.214809873248832678e-08,-1.786474470990434018e-04
2.221480987324883475e-08,-1.781068301277817056e-04
2.228152101400933942e-08,-1.775677449704465534e-04
2.234823215476984739e-08,-1.770301896246282867e-04
2.241494329553035537e-08,-1.764941620345749881e-04
2.248165443629086003e-08,-1.759596600926708178e-04
2.254836557705136801e-08,-1.754266816408805779e-04
2.261507671781187598e-08,-1.748952244721622105e-04
2.268178785857238396e-08,-1.743652863318466081e-04
2.274849899933288862e-08,-1.738368649189869569e-04
2.281521014009339660e-08,-1.733099578876769913e-04
2.288192128085390457e-08,-1.727845628483397583e-04
2.294863242161440924e-08,-1.722606773689866195e-04
2.301534356237491722e-08,-1.717382989764482278e-04
2.308205470313542519e-08,-1.712174251575771509e-04
2.314876584389592986e-08,-1.706980533604229573e-04
2.321547698465643783e-08,-1.701801809953811721e-04
2.328218812541694581e-08,-1.696638054363152639e-04
2.334889926617745378e-08,-1.691489240216536129e-04
2.341561040693795845e-08,-1.686355340554610287e-04
2.348232154769846642e-08,-1.681236328084858721e-04
2.354903268845897440e-08,-1.676132175191832982e-04
2.361574382921947907e-08,-1.671042853947149725e-04
2.368245496997998704e-08,-1.665968336119256110e-04
2.374916611074049502e-08,-1.660908593182976482e-04
2.381587725150100299e-08,-1.655863596328832979e-04
2.388258839226150766e-08,-1.650833316472157170e-04
2.394929953302201563e-08,-1.645817724261987021e-04
2.401601067378252361e-08,-1.640816790089763273e-04
2.408272181454302827e-08,-1.635830484097820650e-04
2.414943295530353625e-08,-1.630858776187686882e-04
2.421614409606404422e-08,-1.625901636028184943e-04
2.428285523682454889e-08,-1.620959033063352074e-04
2.434956637758505687e-08,-1.616030936520175554e-04
2.441627751834556484e-08,-1.611117315416140923e-04
2.448298865910607282e-08,-1.606218138566615670e-04
2.454969979986657748e-08,-1.601333374592053751e-04
2.461641094062708546e-08,-1.596462991925034775e-04
2.468312208138759343e-08,-1.591606958817139204e-04
2.474983322214809810e-08,-1.586765243345661998e-04
2.481654436290860607e-08,-1.581937813420169873e-04
2.488325550366911405e-08,-1.577124636788905141e-04
2.494996664442962202e-08,-1.572325681045039659e-04
2.501667778519012669e-08,-1.567540913632781054e-04
2.508338892595063466e-08,-1.562770301853336923e-04
2.515010006671114264e-08,-1.558013812870736182e-04
2.521681120747164731e-08,-1.553271413717517604e-04
2.528352234823215528e-08,-1.548543071300279581e-04
2.535023348899266326e-08,-1.543828752405101404e-04
2.541694462975316792e-08,-1.539128423702835254e-04
2.548365577051367590e-08,-1.534442051754274054e-04
2.555036691127418387e-08,-1.529769603015195716e-04
2.561707805203469516e-08,-1.525111043841286505e-04
2.568378919279519982e-08,-1.520466340492950561e-04
2.575050033355570780e-08,-1.515835459140002050e-04
2.581721147431621577e-08,-1.511218365866243217e-04
2.588392261507672044e-08,-1.506615026673940774e-04
2.595063375583722841e-08,-1.502025407488186029e-04
2.601734489659773639e-08,-1.497449474161158234e-04
2.608405603735824436e-08,-1.492887192476277896e-04
2.615076717811874903e-08,-1.488338528152268196e-04
2.621747831887925701e-08,-1.483803446847109888e-04
2.628418945963976498e-08,-1.479281914161909462e-04
2.635090060040026965e-08,-1.474773895644668914e-04
2.641761174116077762e-08,-1.470279356793962005e-04
2.648432288192128560e-08,-1.465798263062526496e-04
2.655103402268179026e-08,-1.461330579860767201e-04
2.661774516344229824e-08,-1.456876272560169870e-04
2.668445630420280621e-08,-1.452435306496639180e-04
2.675116744496331419e-08,-1.448007646973745914e-04
2.681787858572381886e-08,-1.443593259265904495e-04
2.688458972648432683e-08,-1.439192108621463223e-04
2.695130086724483481e-08,-1.434804160265722975e-04
2.701801200800533947e-08,-1.430429379403884058e-04
2.708472314876584745e-08,-1.426067731223913389e-04
2.715143428952635542e-08,-1.421719180899345795e-04
2.721814543028686340e-08,-1.417383693592014042e-04
2.728485657104736806e-08,-1.413061234454710544e-04
2.735156771180787604e-08,-1.408751768633783490e-04
2.741827885256838401e-08,-1.404455261271666828e-04
2.748498999332888868e-08,-1.400171677509348450e-04
2.755170113408939665e-08,-1.395900982488773329e-04
2.761841227484990463e-08,-1.391643141355189731e-04
2.768512341561040930e-08,-1.387398119259433086e-04
2.775183455637091727e-08,-1.383165881360153210e-04
2.781854569713142525e-08,-1.378946392825985696e-04
2.788525683789193322e-08,-1.374739618837665016e-04
2.795196797865243789e-08,-1.370545524590086950e-04
2.801867911941294586e-08,-1.366364075294315445e-04
2.808539026017345384e-08,-1.362195236179539865e-04
2.815210140093395850e-08,-1.358038972494979128e-04
2.821881254169446648e-08,-1.353895249511738669e-04
2.828552368245497445e-08,-1.349764032524619975e-04
2.835223482321548243e-08,-1.345645286853878076e-04
2.841894596397598710e-08,-1.341538977846940277e-04
2.848565710473649507e-08,-1.337445070880070408e-04
2.855236824549700305e-08,-1.333363531359999736e-04
2.861907938625750771e-08,-1.329294324725505561e-04
2.868579052701801569e-08,-1.325237416448954040e-04
2.875250166777852366e-08,-1.321192772037796924e-04
2.881921280853902833e-08,-1.317160357036033875e-04
2.888592394929953630e-08,-1.313140137025628712e-04
2.895263509006004428e-08,-1.309132077627894199e-04
2.901934623082055225e-08,-1.305136144504832668e-04
2.908605737158105692e-08,-1.301152303360444918e-04
2.915276851234156490e-08,-1.297180519942003072e-04
2.921947965310207287e-08,-1.293220760041283580e-04
2.928619079386257754e-08,-1.289272989495772589e-04
2.935290193462308551e-08,-1.285337174189831724e-04
2.941961307538359349e-08,-1.281413280055838943e-04
2.948632421614409815e-08,-1.277501273075286564e-04
2.955303535690460613e-08,-1.273601119279858687e-04
2.961974649766511410e-08,-1.269712784752472846e-04
2.968645763842562208e-08,-1.265836235628292378e-04
2.975316877918612674e-08,-1.261971438095708714e-04
2.981987991994663803e-08,-1.258118358397299812e-04
2.988659106070714269e-08,-1.254276962830756066e-04
2.995330220146764736e-08,-1.250447217749778024e-04
3.002001334222815865e-08,-1.246629089564955679e-04
3.008672448298866331e-08,-1.242822544744611433e-04
3.015343562374916798e-08,-1.239027549815625720e-04
3.022014676450967926e-08,-1.235244071364233621e-04
3.028685790527018393e-08,-1.231472076036798714e-04
3.035356904603068859e-08,-1.227711530540563612e-04
3.042028018679119988e-08,-1.223962401644376112e-04
3.048699132755170454e-08,-1.220224656179395818e-04
3.055370246831220921e-08,-1.216498261039773531e-04
3.062041360907272049e-08,-1.212783183183316409e-04
3.068712474983322516e-08,-1.209079389632122901e-04
3.075383589059372983e-08,-1.205386847473207518e-04
3.082054703135424111e-08,-1.201705523859096470e-04
3.088725817211474578e-08,-1.198035386008409879e-04
3.095396931287525044e-08,-1.194376401206421226e-04
3.102068045363576173e-08,-1.190728536805599864e-04
3.108739159439626639e-08,-1.187091760226135904e-04
3.115410273515677768e-08,-1.183466038956445182e-04
3.122081387591728234e-08,-1.179851340553657421e-04
3.128752501667778701e-08,-1.176247632644089624e-04
3.135423615743829829e-08,-1.172654882923700349e-04
3.142094729819880296e-08,-1.169073059158527055e-04
3.148765843895930763e-08,-1.165502129185112730e-04
3.155436957971981891e-08,-1.161942060910909762e-04
3.162108072048032358e-08,-1.158392822314674718e-04
3.168779186124082824e-08,-1.154854381446844704e-04
3.175450300200133953e-08,-1.151326706429902193e-04
3.182121414276184419e-08,-1.147809765458722246e-04
3.188792528352234886e-08,-1.144303526800910780e-04
3.195463642428286014e-08,-1.140807958797123730e-04
3.202134756504336481e-08,-1.137323029861377944e-04
3.208805870580386948e-08,-1.133848708481348123e-04
3.215476984656438076e-08,-1.130384963218647486e-04
3.222148098732488543e-08,-1.126931762709103572e-04
3.228819212808539671e-08,-1.123489075663013700e-04
3.235490326884589476e-08,-1.120056870865397452e-04
3.242161440960640604e-08,-1.116635117176228970e-04
3.248832555036691071e-08,-1.113223783530666120e-04
3.255503669112742199e-08,-1.109822838939263681e-04
3.262174783188792666e-08,-1.106432252488178118e-04
3.268845897264843794e-08,-1.103051993339361660e-04
3.275517011340893599e-08,-1.099682030730745794e-04
3.282188125416944728e-08,-1.096322333976416371e-04
3.288859239492995194e-08,-1.092972872466778129e-04
3.295530353569046323e-08,-1.089633615668708514e-04
3.302201467645096789e-08,-1.086304533125706626e-04
3.308872581721147918e-08,-1.082985594458027114e-04
3.315543695797198384e-08,-1.079676769362811911e-04
3.322214809873248851e-08,-1.076378027614207728e-04
3.328885923949299317e-08,-1.073089339063480307e-04
3.335557038025350446e-08,-1.069810673639116607e-04
3.342228152101400913e-08,-1.066542001346921430e-04
3.348899266177452041e-08,-1.063283292270104295e-04
3.355570380253502508e-08,-1.060034516569363736e-04
3.362241494329553636e-08,-1.056795644482956011e-04
3.368912608405603441e-08,-1.053566646326766388e-04
3.375583722481654569e-08,-1.050347492494362679e-04
3.382254836557705036e-08,-1.047138153457055144e-04
3.388925950633756164e-08,-1.043938599763934838e-04
3.395597064709806631e-08,-1.040748802041920241e-04
3.402268178785857759e-08,-1.037568730995784626e-04
3.408939292861908226e-08,-1.034398357408186690e-04
3.415610406937958692e-08,-1.031237652139691566e-04
3.422281521014009821e-08,-1.028086586128783823e-04
3.428952635090060287e-08,-1.024945130391880486e-04
3.435623749166111416e-08,-1.021813256023331980e-04
3.442294863242161882e-08,-1.018690934195422943e-04
3.448965977318213011e-08,-1.015578136158364232e-04
3.455637091394263477e-08,-1.012474833240282622e-04
3.462308205470313944e-08,-1.009380996847203052e-04
3.468979319546364411e-08,-1.006296598463028702e-04
3.475650433622415539e-08,-1.003221609649510503e-04
3.482321547698466006e-08,-1.000156002046222604e-04
3.488992661774517134e-08,-9.970997473705211719e-05
3.495663775850567601e-08,-9.940528174175087509e-05
3.502334889926618729e-08,-9.910151840599850650e-05
3.509006004002668534e-08,-9.879868192484060900e-05
3.515677118078719662e-08,-9.849676950108240156e-05
3.522348232154770129e-08,-9.819577834528366944e-05
3.529019346230821257e-08,-9.789570567575236744e-05
3.535690460306871724e-08,-9.759654871853861607e-05
3.542361574382922852e-08,-9.729830470742738323e-05
3.549032688458972657e-08,-9.700097088393210096e-05
3.555703802535023786e-08,-9.670454449728643905e-05
3.562374916611074252e-08,-9.640902280443724417e-05
3.569046030687125381e-08,-9.611440307003582561e-05
3.575717144763175847e-08,-9.582068256642983729e-05
3.582388258839226976e-08,-9.552785857365449576e-05
3.589059372915277442e-08,-9.523592837942339154e-05
3.595730486991327909e-08,-9.494488927911935478e-05
3.602401601067378376e-08,-9.465473857578458894e-05
3.609072715143429504e-08,-9.436547358011095369e-05
3.615743829219479971e-08,-9.407709161042975986e-05
3.622414943295531099e-08,-9.378958999270106288e-05
3.629086057371581566e-08,-9.350296606050355265e-05
3.635757171447632694e-08,-9.321721715502288483e-05
3.642428285523682499e-08,-9.293234062504109624e-05
3.649099399599733627e-08,-9.264833382692482780e-05
3.655770513675784094e-08,-9.236519412461385902e-05
3.662441627751835222e-08,-9.208291888960914117e-05
3.669112741827885689e-08,-9.180150550096080326e-05
3.675783855903936817e-08,-9.152095134525575152e-05
3.682454969979986622e-08,-9.124125381660532299e-05
3.689126084056037751e-08,-9.096241031663234290e-05
3.695797198132088217e-08,-9.068441825445866988e-05
3.702468312208139346e-08,-9.040727504669164344e-05
3.709139426284189812e-08,-9.013097811741120906e-05
3.715810540360240941e-08,-8.985552489815636567e-05
3.722481654436291407e-08,-8.958091282791150471e-05
3.729152768512341874e-08,-8.930713935309276272e-05
3.735823882588392341e-08,-8.903420192753417066e-05
3.742494996664443469e-08,-8.876209801247339666e-05
3.749166110740493936e-08,-8.849082507653778691e-05
3.755837224816545064e-08,-8.822038059572971538e-05
3.762508338892595531e-08,-8.795076205341246210e-05
3.769179452968646659e-08,-8.768196694029511561e-05
3.775850567044696464e-08,-8.741399275441835638e-05
3.782521681120747592e-08,-8.714683700113910183e-05
3.789192795196798059e-08,-8.688049719311581533e-05
3.795863909272849187e-08,-8.661497085029316477e-05
3.802535023348899654e-08,-8.635025549988701991e-05
3.809206137424950782e-08,-8.608634867636877212e-05
3.815877251501001249e-08,-8.582324792145034525e-05
3.822548365577051716e-08,-8.556095078406814947e-05
3.829219479653102182e-08,-8.529945482036778047e-05
3.835890593729153311e-08,-8.503875759368816295e-05
3.842561707805203777e-08,-8.477885667454555872e-05
3.849232821881254906e-08,-8.451974964061795411e-05
3.855903935957305372e-08,-8.426143407672875634e-05
3.862575050033356501e-08,-8.400390757483077440e-05
3.869246164109406305e-08,-8.374716773399022707e-05
3.875917278185457434e-08,-8.349121216037018174e-05
3.882588392261507900e-08,-8.323603846721461664e-05
3.889259506337559029e-08,-8.298164427483152084e-05
3.895930620413609495e-08,-8.272802721057703778e-05
3.902601734489660624e-08,-8.247518490883830778e-05
3.909272848565710429e-08,-8.222311501101754380e-05
3.915943962641761557e-08,-8.197181516551480624e-05
3.922615076717812024e-08,-8.172128302771168563e-05
3.929286190793863152e-08,-8.147151625995437553e-05
3.935957304869913619e-08,-8.122251253153690809e-05
3.942628418945964747e-08,-8.097426951868437603e-05
3.949299533022015214e-08,-8.072678490453592413e-05
3.955970647098065680e-08,-8.048005637912787646e-05
3.962641761174116147e-08,-8.023408163937678205e-05
3.969312875250167275e-08,-7.998885838906218972e-05
3.975983989326217742e-08,-7.974438433881003263e-05
3.982655103402268870e-08,-7.950065720607503710e-05
3.989326217478319337e-08,-7.925767471512387685e-05
3.995997331554370465e-08,-7.901543459701800194e-05
4.002668445630420270e-08,-7.877393458959634570e-05
4.009339559706471399e-08,-7.853317243745819439e-05
4.016010673782521865e-08,-7.829314589194600260e-05
4.022681787858572994e-08,-7.805385271112791042e-05
4.029352901934623460e-08,-7.781529065978077576e-05
4.036024016010674589e-08,-7.757745750937259667e-05
4.042695130086725055e-08,-7.734035103804535387e-05
4.049366244162775522e-08,-7.710396903059756860e-05
4.056037358238825989e-08,-7.686830927846706387e-05
4.062708472314877117e-08,-7.663336957971342745e-05
4.069379586390927584e-08,-7.639914773900089503e-05
4.076050700466978712e-08,-7.616564156758063708e-05
4.082721814543029179e-08,-7.593284888327365555e-05
4.089392928619080307e-08,-7.570076751045319271e-05
4.096064042695130112e-08,-7.546939528002739742e-05
4.102735156771181240e-08,-7.523873002942182888e-05
4.109406270847231707e-08,-7.500876960256221777e-05
4.116077384923282835e-08,-7.477951184985679378e-05
4.122748498999333302e-08,-7.455095462817904676e-05
4.129419613075384430e-08,-7.432309580085025757e-05
4.136090727151434235e-08,-7.409593323762201527e-05
4.142761841227485364e-08,-7.386946481465891056e-05
4.149432955303535830e-08,-7.364368841452098525e-05
4.156104069379586959e-08,-7.341860192614641217e-05
4.162775183455637425e-08,-7.319420324483406654e-05
4.169446297531688554e-08,-7.297049027222609751e-05
4.176117411607739020e-08,-7.274746091629066217e-05
4.182788525683789487e-08,-7.252511309130425311e-05
4.189459639759839954e-08,-7.230344471783474415e-05
4.196130753835891082e-08,-7.208245372272358237e-05
4.202801867911941549e-08,-7.186213803906883388e-05
4.209472981987992677e-08,-7.164249560620748422e-05
4.216144096064043144e-08,-7.142352436969849768e-05
4.222815210140094272e-08,-7.120522228130511774e-05
4.229486324216144077e-08,-7.098758729897784508e-05
4.236157438292195205e-08,-7.077061738683703611e-05
4.242828552368245672e-08,-7.055431051515574550e-05
4.249499666444296800e-08,-7.033866466034228407e-05
4.256170780520347267e-08,-7.012367780492316971e-05
4.262841894596398395e-08,-6.990934793752586146e-05
4.269513008672448200e-08,-6.969567305286156135e-05
4.276184122748499329e-08,-6.948265115170801625e-05
4.282855236824549795e-08,-6.927028024089252299e-05
4.289526350900600924e-08,-6.905855833327444562e-05
4.296197464976651390e-08,-6.884748344772859997e-05
4.302868579052702519e-08,-6.863705360912767609e-05
4.309539693128752985e-08,-6.842726684832563635e-05
4.316210807204803452e-08,-6.821812120214027332e-05
4.322881921280853918e-08,-6.800961471333649960e-05
4.329553035356905047e-08,-6.780174543060914953e-05
4.336224149432955513e-08,-6.759451140856624195e-05
4.342895263509006642e-08,-6.738791070771178195e-05
4.349566377585057108e-08,-6.718194139442905063e-05
4.356237491661108237e-08,-6.697660154096363736e-05
4.362908605737158042e-08,-6.677188922540660751e-05
4.369579719813209170e-08,-6.656780253167767023e-05
4.376250833889259637e-08,-6.636433954950841398e-05
4.382921947965310765e-08,-6.616149837442547425e-05
4.389593062041361232e-08,-6.595927710773385045e-05
4.396264176117412360e-08,-6.575767385650006010e-05
4.402935290193462827e-08,-6.555668673353575381e-05
4.409606404269513293e-08,-6.535631385738067977e-05
4.416277518345563760e-08,-6.515655335228646137e-05
4.422948632421614888e-08,-6.495740334819960233e-05
4.429619746497665355e-08,-6.475886198074533209e-05
4.436290860573716483e-08,-6.456092739121067870e-05
4.442961974649766950e-08,-6.436359772652834133e-05
4.449633088725818078e-08,-6.416687113926003417e-05
4.456304202801867883e-08,-6.397074578758000661e-05
4.462975316877919012e-08,-6.377521983525878018e-05
4.469646430953969478e-08,-6.358029145164684486e-05
4.476317545030020607e-08,-6.338595881165797591e-05
4.482988659106071073e-08,-6.319222009575340456e-05
4.489659773182122202e-08,-6.299907348992517546e-05
4.496330887258172007e-08,-6.280651718568024957e-05
4.503002001334223135e-08,-6.261454938002397011e-05
4.509673115410273602e-08,-6.242316827544424674e-05
4.516344229486324730e-08,-6.223237207989506213e-05
4.523015343562375197e-08,-6.204215900678071037e-05
4.529686457638426325e-08,-6.185252727493960171e-05
4.536357571714476792e-08,-6.166347510862828414e-05
4.543028685790527258e-08,-6.147500073750535650e-05
4.549699799866577725e-08,-6.128710239661572050e-05
4.556370913942628853e-08,-6.109977832637442606e-05
4.563042028018679320e-08,-6.091302677255105882e-05
4.569713142094730448e-08,-6.072684598625368039e-05
4.576384256170780915e-08,-6.054123422391316842e-05
4.583055370246832043e-08,-6.035618974726739399e-05
4.589726484322881848e-08,-6.017171082334553460e-05
4.596397598398932977e-08,-5.998779572445237353e-05
4.603068712474983443e-08,-5.980444272815255862e-05
4.609739826551034572e-08,-5.962165011725515914e-05
4.616410940627085038e-08,-5.943941617979791095e-05
4.623082054703136167e-08,-5.925773920903184124e-05
4.629753168779185972e-08,-5.907661750340566269e-05
4.636424282855237100e-08,-5.889604936655028981e-05
4.643095396931287567e-08,-5.871603310726353128e-05
4.649766511007338695e-08,-5.853656703949454524e-05
4.656437625083389162e-08,-5.835764948232867401e-05
4.663108739159440290e-08,-5.817927875997189934e-05
4.669779853235490757e-08,-5.800145320173588040e-05
4.676450967311541223e-08,-5.782417114202232776e-05
4.683122081387591690e-08,-5.764743092030818366e-05
4.689793195463642818e-08,-5.747123088113019923e-05
4.696464309539693285e-08,-5.729556937406998611e-05
4.703135423615744413e-08,-5.712044475373874946e-05
4.709806537691794880e-08,-5.694585537976251574e-05
4.716477651767846008e-08,-5.677179961676681835e-05
4.723148765843895813e-08,-5.659827583436196605e-05
4.729819879919946942e-08,-5.642528240712797928e-05
4.736490993995997408e-08,-5.625281771459981117e-05
4.743162108072048537e-08,-5.608088014125238555e-05
4.749833222148099003e-08,-5.590946807648589242e-05
4.756504336224150132e-08,-5.573857991461089376e-05
4.763175450300200598e-08,-5.556821405483375456e-05
4.769846564376251065e-08,-5.539836890124174857e-05
4.776517678452301531e-08,-5.522904286278864522e-05
4.783188792528352660e-08,-5.506023435327980856e-05
4.789859906604403126e-08,-5.489194179135790621e-05
4.796531020680454255e-08,-5.472416360048812346e-05
4.803202134756504721e-08,-5.455689820894386540e-05
4.809873248832555850e-08,-5.439014404979212699e-05
4.816544362908605655e-08,-5.422389956087923573e-05
4.823215476984656783e-08,-5.405816318481628956e-05
4.829886591060707250e-08,-5.389293336896500115e-05
4.836557705136758378e-08,-5.372820856542322388e-05
4.843228819212808845e-08,-5.356398723101081651e-05
4.849899933288859973e-08,-5.340026782725530464e-05
4.856571047364909778e-08,-5.323704882037783346e-05
4.863242161440960906e-08,-5.307432868127889022e-05
4.869913275517011373e-08,-5.291210588552418249e-05
4.876584389593062501e-08,-5.275037891333076031e-05
4.883255503669112968e-08,-5.258914624955269125e-05
4.889926617745164096e-08,-5.242840638366735200e-05
4.896597731821214563e-08,-5.226815780976128628e-05
4.903268845897265030e-08,-5.210839902651631352e-05
4.909939959973315496e-08,-5.194912853719578662e-05
4.916611074049366625e-08,-5.179034484963051762e-05
4.923282188125417091e-08,-5.163204647620526583e-05
4.929953302201468220e-08,-5.147423193384465678e-05
4.936624416277518686e-08,-5.131689974399977197e-05
4.943295530353569815e-08,-5.116004843263421010e-05
4.949966644429619620e-08,-5.100367653021061588e-05
4.956637758505670748e-08,-5.084778257167693773e-05
4.963308872581721215e-08,-5.069236509645303114e-05
4.969979986657772343e-08,-5.053742264841686895e-05
4.976651100733822810e-08,-5.038295377589138187e-05
4.983322214809873938e-08,-5.022895703163064843e-05
4.989993328885924405e-08,-5.007543097280680325e-05
4.996664442961974871e-08,-4.992237416099640321e-05
5.003335557038025338e-08,-4.976978516216726115e-05
5.010006671114076466e-08,-4.961766254666504243e-05
5.016677785190126933e-08,-4.946600488920006476e-05
5.023348899266178061e-08,-4.931481076883398963e-05
5.030020013342228528e-08,-4.916407876896679156e-05
5.036691127418279656e-08,-4.901380747732339528e-05
5.043362241494329461e-08,-4.886399548594075342e-05
5.050033355570380590e-08,-4.871464139115461926e-05
5.056704469646431056e-08,-4.856574379358667855e-05
5.063375583722482185e-08,-4.841730129813133585e-05
5.070046697798532651e-08,-4.826931251394300901e-05
5.076717811874583780e-08,-4.812177605442292900e-05
5.083388925950633585e-08,-4.797469053720650222e-05
5.090060040026684713e-08,-4.782805458415024581e-05
5.096731154102735180e-08,-4.768186682131919061e-05
5.103402268178786308e-08,-4.753612587897389783e-05
5.110073382254836775e-08,-4.739083039155787553e-05
5.116744496330887903e-08,-4.724597899768478505e-05
5.123415610406939031e-08,-4.710157034012578967e-05
5.130086724482988836e-08,-4.695760306579703215e-05
5.136757838559039965e-08,-4.681407582574685465e-05
5.143428952635090431e-08,-4.667098727514343884e-05
5.150100066711141560e-08,-4.652833607326210716e-05
5.156771180787192026e-08,-4.638612088347301716e-05
5.163442294863243155e-08,-4.624434037322858475e-05
5.170113408939293621e-08,-4.610299321405111748e-05
5.176784523015344088e-08,-4.596207808152052922e-05
5.183455637091394554e-08,-4.582159365526181761e-05
5.190126751167445683e-08,-4.568153861893297518e-05
5.196797865243496150e-08,-4.554191166021251429e-05
5.203468979319547278e-08,-4.540271147078745281e-05
5.210140093395597745e-08,-4.526393674634100837e-05
5.216811207471648873e-08,-4.512558618654039438e-05
5.223482321547698678e-08,-4.498765849502483956e-05
5.230153435623749806e-08,-4.485015237939336358e-05
5.236824549699800273e-08,-4.471306655119285757e-05
5.243495663775851401e-08,-4.457639972590595465e-05
5.250166777851901868e-08,-4.444015062293917825e-05
5.256837891927952996e-08,-4.430431796561084645e-05
5.263509006004002801e-08,-4.416890048113932872e-05
5.270180120080053929e-08,-4.403389690063102483e-05
5.276851234156104396e-08,-4.389930595906868939e-05
5.283522348232155524e-08,-4.376512639529948521e-05
5.290193462308205991e-08,-4.363135695202328756e-05
5.296864576384257119e-08,-4.349799637578096118e-05
5.303535690460307586e-08,-4.336504341694263735e-05
5.310206804536358053e-08,-4.323249682969605874e-05
5.316877918612408519e-08,-4.310035537203499875e-05
5.323549032688459648e-08,-4.296861780574756569e-05
5.330220146764510114e-08,-4.283728289640475090e-05
5.336891260840561243e-08,-4.270634941334887520e-05
5.343562374916611709e-08,-4.257581612968206250e-05
5.350233488992662838e-08,-4.244568182225482854e-05
5.356904603068712643e-08,-4.231594527165467645e-05
5.363575717144763771e-08,-4.218660526219460420e-05
5.370246831220814238e-08,-4.205766058190192380e-05
5.376917945296865366e-08,-4.192911002250678226e-05
5.383589059372915833e-08,-4.180095237943100788e-05
5.390260173448966961e-08,-4.167318645177671259e-05
5.396931287525017428e-08,-4.154581104231524661e-05
5.403602401601067894e-08,-4.141882495747586858e-05
5.410273515677118361e-08,-4.129222700733471376e-05
5.416944629753169489e-08,-4.116601600560355900e-05
5.423615743829219956e-08,-4.104019076961887231e-05
5.430286857905271084e-08,-4.091475012033059136e-05
5.436957971981321551e-08,-4.078969288229133565e-05
5.443629086057372679e-08,-4.066501788364520537e-05
5.450300200133422484e-08,-4.054072395611695294e-05
5.456971314209473613e-08,-4.041680993500101898e-05
5.463642428285524079e-08,-4.029327465915067677e-05
5.470313542361575208e-08,-4.017011697096719018e-05
5.476984656437625674e-08,-4.004733571638888364e-05
5.483655770513676803e-08,-3.992492974488054397e-05
5.490326884589726608e-08,-3.980289790942251744e-05
5.496997998665777736e-08,-3.968123906649999647e-05
5.503669112741828203e-08,-3.955995207609244865e-05
5.510340226817879331e-08,-3.943903580166279507e-05
5.517011340893929798e-08,-3.931848911014694097e-05
5.523682454969980926e-08,-3.919831087194299474e-05
5.530353569046031393e-08,-3.907849996090096117e-05
5.537024683122081859e-08,-3.895905525431194014e-05
5.543695797198132326e-08,-3.883997563289786731e-05
5.550366911274183454e-08,-3.872125998080080766e-05
5.557038025350233921e-08,-3.860290718557279785e-05
5.563709139426285049e-08,-3.848491613816516684e-05
5.570380253502335516e-08,-3.836728573291836472e-05
5.577051367578386644e-08,-3.825001486755150691e-05
5.583722481654436449e-08,-3.813310244315214881e-05
5.590393595730487578e-08,-3.801654736416589778e-05
5.597064709806538044e-08,-3.790034853838630970e-05
5.603735823882589173e-08,-3.778450487694450779e-05
5.610406937958639639e-08,-3.766901529429917404e-05
5.617078052034690768e-08,-3.755387870822621537e-05
5.623749166110741234e-08,-3.743909403980880259e-05
5.630420280186791701e-08,-3.732466021342713822e-05
5.637091394262842167e-08,-3.721057615674852246e-05
5.643762508338893296e-08,-3.709684080071716847e-05
5.650433622414943763e-08,-3.698345307954436329e-05
5.657104736490994891e-08,-3.687041193069837114e-05
5.663775850567045358e-08,-3.675771629489457400e-05
5.670446964643096486e-08,-3.664536511608548335e-05
5.677118078719146291e-08,-3.653335734145094177e-05
5.683789192795197419e-08,-3.642169192138817530e-05
5.690460306871247886e-08,-3.631036780950208989e-05
5.697131420947299014e-08,-3.619938396259535094e-05
5.703802535023349481e-08,-3.608873934065873386e-05
5.710473649099400609e-08,-3.597843290686129176e-05
5.717144763175450414e-08,-3.586846362754073992e-05
5.723815877251501542e-08,-3.575883047219373184e-05
5.730486991327552009e-08,-3.564953241346620984e-05
5.737158105403603137e-08,-3.554056842714383699e-05
5.743829219479653604e-08,-3.543193749214231382e-05
5.750500333555704732e-08,-3.532363859049795932e-05
5.757171447631755199e-08,-3.521567070735808863e-05
5.763842561707805666e-08,-3.510803283097148564e-05
5.770513675783856132e-08,-3.500072395267903139e-05
5.777184789859907261e-08,-3.489374306690418343e-05
5.783855903935957727e-08,-3.478708917114362460e-05
5.790527018012008856e-08,-3.468076126595779653e-05
5.797198132088059322e-08,-3.457475835496162301e-05
5.803869246164110451e-08,-3.446907944481512480e-05
5.810540360240160256e-08,-3.436372354521418363e-05
5.817211474316211384e-08,-3.425868966888118416e-05
5.823882588392261851e-08,-3.415397683155587278e-05
5.830553702468312979e-08,-3.404958405198602674e-05
5.837224816544363446e-08,-3.394551035191840780e-05
5.843895930620414574e-08,-3.384175475608943134e-05
5.850567044696464379e-08,-3.373831629221620812e-05
5.857238158772515507e-08,-3.363519399098732180e-05
5.863909272848565974e-08,-3.353238688605381649e-05
5.870580386924617102e-08,-3.342989401402008271e-05
5.877251501000667569e-08,-3.332771441443494658e-05
5.883922615076718697e-08,-3.322584712978252861e-05
5.890593729152769164e-08,-3.312429120547342787e-05
5.897264843228819631e-08,-3.302304568983565524e-05
5.903935957304870097e-08,-3.292210963410586500e-05
5.910607071380921226e-08,-3.282148209242026108e-05
5.917278185456971692e-08,-3.272116212180599794e-05
5.923949299533022821e-08,-3.262114878217210718e-05
5.930620413609073287e-08,-3.252144113630087814e-05
5.937291527685124416e-08,-3.242203824983895386e-05
5.943962641761174221e-08,-3.232293919128869140e-05
5.950633755837225349e-08,-3.222414303199931196e-05
5.957304869913275816e-08,-3.212564884615832220e-05
5.963975983989327606e-08,-3.202745571078279317e-05
5.970647098065377411e-08,-3.192956270571070698e-05
5.977318212141428539e-08,-3.183196891359231035e-05
5.983989326217478344e-08,-3.173467341988164424e-05
5.990660440293529472e-08,-3.163767531282784992e-05
5.997331554369580601e-08,-3.154097368346666475e-05
6.004002668445631729e-08,-3.144456762561196543e-05
6.010673782521681534e-08,-3.134845623584716886e-05
6.017344896597732662e-08,-3.125263861351693128e-05
6.024016010673782467e-08,-3.115711386071852207e-05
6.030687124749833596e-08,-3.106188108229359057e-05
6.037358238825884724e-08,-3.096693938581965511e-05
6.044029352901935852e-08,-3.087228788160182241e-05
6.050700466977985657e-08,-3.077792568266439857e-05
6.057371581054036786e-08,-3.068385190474262879e-05
6.064042695130086590e-08,-3.059006566627438294e-05
6.070713809206137719e-08,-3.049656608839189522e-05
6.077384923282188847e-08,-3.040335229491356495e-05
6.084056037358239976e-08,-3.031042341233572337e-05
6.090727151434289780e-08,-3.021777856982446486e-05
6.097398265510340909e-08,-3.012541689920745109e-05
6.104069379586390714e-08,-3.003333753496586074e-05
6.110740493662441842e-08,-2.994153961422618012e-05
6.117411607738492971e-08,-2.985002227675221395e-05
6.124082721814544099e-08,-2.975878466493694704e-05
6.130753835890593904e-08,-2.966782592379459235e-05
6.137424949966645032e-08,-2.957714520095249339e-05
6.144096064042694837e-08,-2.948674164664322981e-05
6.150767178118745965e-08,-2.939661441369655371e-05
6.157438292194797094e-08,-2.930676265753157659e-05
6.164109406270848222e-08,-2.921718553614874282e-05
6.170780520346898027e-08,-2.912788221012203022e-05
6.177451634422949155e-08,-2.903885184259100149e-05
6.184122748499000284e-08,-2.895009359925307247e-05
6.190793862575050089e-08,-2.886160664835556020e-05
6.197464976651101217e-08,-2.877339016068805288e-05
6.204136090727152345e-08,-2.868544330957446465e-05
6.210807204803202150e-08,-2.859776527086546654e-05
6.217478318879253279e-08,-2.851035522293060228e-05
6.224149432955304407e-08,-2.842321234665073955e-05
6.230820547031355536e-08,-2.833633582541025692e-05
6.237491661107405340e-08,-2.824972484508952899e-05
6.244162775183456469e-08,-2.816337859405718114e-05
6.250833889259506274e-08,-2.807729626316257801e-05
6.257505003335557402e-08,-2.799147704572815955e-05
6.264176117411608530e-08,-2.790592013754195330e-05
6.270847231487659659e-08,-2.782062473685003909e-05
6.277518345563709464e-08,-2.773559004434893600e-05
6.284189459639760592e-08,-2.765081526317827716e-05
6.290860573715810397e-08,-2.756629959891317632e-05
6.297531687791861525e-08,-2.748204225955691964e-05
6.304202801867912654e-08,-2.739804245553349485e-05
6.310873915943963782e-08,-2.731429939968013738e-05
6.317545030020013587e-08,-2.723081230724007295e-05
6.324216144096064715e-08,-2.714758039585504000e-05
6.330887258172114520e-08,-2.706460288555807974e-05
6.337558372248165649e-08,-2.698187899876610594e-05
6.344229486324216777e-08,-2.689940796027275263e-05
6.350900600400267905e-08,-2.681718899724096762e-05
6.357571714476317710e-08,-2.673522133919592112e-05
6.364242828552368839e-08,-2.665350421801763661e-05
6.370913942628418644e-08,-2.657203686793393671e-05
6.377585056704469772e-08,-2.649081852551314175e-05
6.384256170780520900e-08,-2.640984842965702587e-05
6.390927284856572029e-08,-2.632912582159359688e-05
6.397598398932621834e-08,-2.624864994487006255e-05
6.404269513008672962e-08,-2.616842004534566124e-05
6.410940627084724090e-08,-2.608843537118469262e-05
6.417611741160773895e-08,-2.600869517284938893e-05
6.424282855236825024e-08,-2.592919870309290164e-05
6.430953969312876152e-08,-2.584994521695241332e-05
6.437625083388925957e-08,-2.577093397174198193e-05
6.444296197464977085e-08,-2.569216422704570017e-05
6.450967311541028214e-08,-2.561363524471068883e-05
6.457638425617079342e-08,-2.553534628884032053e-05
6.464309539693129147e-08,-2.545729662578712158e-05
6.470980653769178952e-08,-2.537948552414601944e-05
6.477651767845231404e-08,-2.530191225474747834e-05
6.484322881921281209e-08,-2.522457609065069934e-05
6.490993995997332337e-08,-2.514747630713670511e-05
6.497665110073382142e-08,-2.507061218170161452e-05
6.504336224149434594e-08,-2.499398299404992057e-05
6.511007338225484399e-08,-2.491758802608766670e-05
6.517678452301534203e-08,-2.484142656191572137e-05
6.524349566377585332e-08,-2.476549788782309659e-05
6.531020680453636460e-08,-2.468980129228027679e-05
6.537691794529687589e-08,-2.461433606593253735e-05
6.544362908605737393e-08,-2.453910150159324289e-05
6.551034022681787198e-08,-2.446409689423732515e-05
6.557705136757839650e-08,-2.438932154099457105e-05
6.564376250833889455e-08,-2.431477474114313107e-05
6.571047364909940584e-08,-2.424045579610286494e-05
6.577718478985990388e-08,-2.416636400942888727e-05
6.584389593062042840e-08,-2.409249868680494709e-05
6.591060707138092645e-08,-2.401885913603700741e-05
6.597731821214142450e-08,-2.394544466704671623e-05
6.604402935290193578e-08,-2.387225459186491152e-05
6.611074049366244707e-08,-2.379928822462522783e-05
6.617745163442295835e-08,-2.372654488155768589e-05
6.624416277518345640e-08,-2.365402388098220441e-05
6.631087391594396768e-08,-2.358172454330226421e-05
6.637758505670447897e-08,-2.350964619099853519e-05
6.644429619746497702e-08,-2.343778814862257438e-05
6.651100733822548830e-08,-2.336614974279038170e-05
6.657771847898598635e-08,-2.329473030217618618e-05
6.664442961974651087e-08,-2.322352915750611687e-05
6.671114076050700892e-08,-2.315254564155198565e-05
6.677785190126752020e-08,-2.308177908912494464e-05
6.684456304202801825e-08,-2.301122883706930965e-05
6.691127418278852953e-08,-2.294089422425631581e-05
6.697798532354904082e-08,-2.287077459157801899e-05
6.704469646430953887e-08,-2.280086928194096334e-05
6.711140760507005015e-08,-2.273117764026013688e-05
6.717811874583056143e-08,-2.266169901345278478e-05
6.724482988659107272e-08,-2.259243275043234796e-05
6.731154102735157077e-08,-2.252337820210227978e-05
6.737825216811206882e-08,-2.245453472135000499e-05
6.744496330887259333e-08,-2.238590166304085837e-05
6.751167444963309138e-08,-2.231747838401207078e-05
6.757838559039360267e-08,-2.224926424306667054e-05
6.764509673115410072e-08,-2.218125860096751013e-05
6.771180787191462523e-08,-2.211346082043128279e-05
6.777851901267512328e-08,-2.204587026612258308e-05
6.784523015343562133e-08,-2.197848630464787942e-05
6.791194129419613262e-08,-2.191130830454960179e-05
6.797865243495664390e-08,-2.184433563630028028e-05
6.804536357571715518e-08,-2.177756767229658871e-05
6.811207471647765323e-08,-2.171100378685346291e-05
6.817878585723816452e-08,-2.164464335619828997e-05
6.824549699799867580e-08,-2.157848575846499606e-05
6.831220813875917385e-08,-2.151253037368826279e-05
6.837891927951968513e-08,-2.144677658379770310e-05
6.844563042028019642e-08,-2.138122377261207765e-05
6.851234156104070770e-08,-2.131587132583352486e-05
6.857905270180120575e-08,-2.125071863104175367e-05
6.864576384256171703e-08,-2.118576507768841580e-05
6.871247498332222832e-08,-2.112101005709124773e-05
6.877918612408272637e-08,-2.105645296242845992e-05
6.884589726484323765e-08,-2.099209318873305832e-05
6.891260840560373570e-08,-2.092793013288708789e-05
6.897931954636426022e-08,-2.086396319361605580e-05
6.904603068712475827e-08,-2.080019177148328336e-05
6.911274182788526955e-08,-2.073661526888428855e-05
6.917945296864576760e-08,-2.067323309004116843e-05
6.924616410940627888e-08,-2.061004464099700539e-05
6.931287525016679017e-08,-2.054704932961037836e-05
6.937958639092728822e-08,-2.048424656554971140e-05
6.944629753168779950e-08,-2.042163576028780525e-05
6.951300867244831078e-08,-2.035921632709629777e-05
6.957971981320882207e-08,-2.029698768104020899e-05
6.964643095396932012e-08,-2.023494923897237784e-05
6.971314209472981816e-08,-2.017310041952808519e-05
6.977985323549034268e-08,-2.011144064311952100e-05
6.984656437625084073e-08,-2.004996933193045820e-05
6.991327551701135202e-08,-1.998868590991074355e-05
6.997998665777185006e-08,-1.992758980277092415e-05
7.004669779853237458e-08,-1.986668043797688052e-05
7.011340893929287263e-08,-1.980595724474449717e-05
7.018012008005337068e-08,-1.974541965403422459e-05
7.024683122081388196e-08,-1.968506709854582430e-05
7.031354236157439325e-08,-1.962489901271298844e-05
7.038025350233490453e-08,-1.956491483269814582e-05
7.044696464309540258e-08,-1.950511399638704766e-05
7.051367578385590063e-08,-1.944549594338357019e-05
7.058038692461642515e-08,-1.938606011500446644e-05
7.064709806537692320e-08,-1.932680595427413838e-05
7.071380920613743448e-08,-1.926773290591935137e-05
7.078052034689793253e-08,-1.920884041636411138e-05
7.084723148765845705e-08,-1.915012793372443365e-05
7.091394262841895510e-08,-1.909159490780319617e-05
7.098065376917945315e-08,-1.903324079008494226e-05
7.104736490993996443e-08,-1.897506503373077463e-05
7.111407605070047571e-08,-1.891706709357323258e-05
7.118078719146098700e-08,-1.885924642611118266e-05
7.124749833222148505e-08,-1.880160248950469245e-05
7.131420947298199633e-08,-1.874413474356999575e-05
7.138092061374250761e-08,-1.868684264977440028e-05
7.144763175450300566e-08,-1.862972567123127659e-05
7.151434289526351695e-08,-1.857278327269496233e-05
7.158105403602401500e-08,-1.851601492055583251e-05
7.164776517678453952e-08,-1.845942008283523085e-05
7.171447631754503756e-08,-1.840299822918050956e-05
7.178118745830554885e-08,-1.834674883086007929e-05
7.184789859906604690e-08,-1.829067136075839808e-05
7.191460973982655818e-08,-1.823476529337107548e-05
7.198132088058706946e-08,-1.817903010479998352e-05
7.204803202134756751e-08,-1.812346527274824901e-05
7.211474316210807880e-08,-1.806807027651544583e-05
7.218145430286859008e-08,-1.801284459699264482e-05
7.224816544362910136e-08,-1.795778771665766364e-05
7.231487658438959941e-08,-1.790289911957006590e-05
7.238158772515009746e-08,-1.784817829136643469e-05
7.244829886591062198e-08,-1.779362471925550386e-05
7.251501000667112003e-08,-1.773923789201340106e-05
7.258172114743163131e-08,-1.768501729997880274e-05
7.264843228819212936e-08,-1.763096243504816700e-05
7.271514342895265388e-08,-1.757707279067099705e-05
7.278185456971315193e-08,-1.752334786184511133e-05
7.284856571047364998e-08,-1.746978714511183912e-05
7.291527685123416126e-08,-1.741639013855136533e-05
7.298198799199467255e-08,-1.736315634177799380e-05
7.304869913275518383e-08,-1.731008525593550560e-05
7.311541027351568188e-08,-1.725717638369242245e-05
7.318212141427617993e-08,-1.720442922923737507e-05
7.324883255503670445e-08,-1.715184329827446153e-05
7.331554369579720250e-08,-1.709941809801862237e-05
7.338225483655771378e-08,-1.704715313719099891e-05
7.344896597731821183e-08,-1.699504792601434230e-05
7.351567711807873635e-08,-1.694310197620839891e-05
7.358238825883923440e-08,-1.689131480098541766e-05
7.364909939959973244e-08,-1.683968591504548455e-05
7.371581054036024373e-08,-1.678821483457201307e-05
7.378252168112075501e-08,-1.673690107722724136e-05
7.384923282188126630e-08,-1.668574416214768874e-05
7.391594396264176435e-08,-1.663474360993962917e-05
7.398265510340227563e-08,-1.658389894267463921e-05
7.404936624416278691e-08,-1.653320968388507153e-05
7.411607738492328496e-08,-1.648267535855965367e-05
7.418278852568379625e-08,-1.643229549313895475e-05
7.424949966644429429e-08,-1.638206961551104529e-05
7.431621080720481881e-08,-1.633199725500696724e-05
7.438292194796531686e-08,-1.628207794239641413e-05
7.444963308872582815e-08,-1.623231120988329941e-05
7.451634422948632619e-08,-1.618269659110134167e-05
7.458305537024683748e-08,-1.613323362110972788e-05
7.464976651100734876e-08,-1.608392183638878334e-05
7.471647765176784681e-08,-1.603476077483556030e-05
7.478318879252835809e-08,-1.598574997575955882e-05
7.484989993328886938e-08,-1.593688897987837632e-05
7.491661107404938066e-08,-1.588817732931346234e-05
7.498332221480987871e-08,-1.583961456758575456e-05
7.505003335557037676e-08,-1.579120023961143351e-05
7.511674449633090128e-08,-1.574293389169765010e-05
7.518345563709139933e-08,-1.569481507153832437e-05
7.525016677785191061e-08,-1.564684332820982901e-05
7.531687791861240866e-08,-1.559901821216680160e-05
7.538358905937293318e-08,-1.555133927523791963e-05
7.545030020013343123e-08,-1.550380607062175681e-05
7.551701134089392928e-08,-1.545641815288250048e-05
7.558372248165444056e-08,-1.540917507794584517e-05
7.565043362241495184e-08,-1.536207640309480152e-05
7.571714476317546313e-08,-1.531512168696560000e-05
7.578385590393596118e-08,-1.526831048954346929e-05
7.585056704469647246e-08,-1.522164237215856716e-05
7.591727818545698374e-08,-1.517511689748185711e-05
7.598398932621748179e-08,-1.512873362952104089e-05
7.605070046697799308e-08,-1.508249213361641993e-05
7.611741160773849113e-08,-1.503639197643684819e-05
7.618412274849901565e-08,-1.499043272597566135e-05
7.625083388925951369e-08,-1.494461395154667710e-05
7.631754503002002498e-08,-1.489893522378008194e-05
7.638425617078052303e-08,-1.485339611461844336e-05
7.645096731154103431e-08,-1.480799619731272711e-05
7.651767845230154559e-08,-1.476273504641826359e-05
7.658438959306204364e-08,-1.471761223779074649e-05
7.665110073382255493e-08,-1.467262734858231273e-05
7.671781187458306621e-08,-1.462777995723751564e-05
7.678452301534357749e-08,-1.458306964348943879e-05
7.685123415610407554e-08,-1.453849598835570139e-05
7.691794529686457359e-08,-1.449405857413456361e-05
7.698465643762509811e-08,-1.444975698440100651e-05
7.705136757838559616e-08,-1.440559080400282726e-05
7.711807871914610744e-08,-1.436155961905674953e-05
7.718478985990660549e-08,-1.431766301694455083e-05
7.725150100066713001e-08,-1.427390058630916792e-05
7.731821214142762806e-08,-1.423027191705088850e-05
7.738492328218812611e-08,-1.418677660032348197e-05
7.745163442294863739e-08,-1.414341422853035732e-05
7.751834556370914868e-08,-1.410018439532074464e-05
7.758505670446965996e-08,-1.405708669558594793e-05
7.765176784523015801e-08,-1.401412072545544698e-05
7.771847898599065606e-08,-1.397128608229319080e-05
7.778519012675118058e-08,-1.392858236469377580e-05
7.785190126751167863e-08,-1.388600917247875270e-05
7.791861240827218991e-08,-1.384356610669279289e-05
7.798532354903268796e-08,-1.380125276959999196e-05
7.805203468979321248e-08,-1.375906876468013939e-05
7.811874583055371053e-08,-1.371701369662503053e-05
7.818545697131420857e-08,-1.367508717133469903e-05
7.825216811207471986e-08,-1.363328879591376442e-05
7.831887925283523114e-08,-1.359161817866774074e-05
7.838559039359574243e-08,-1.355007492909940618e-05
7.845230153435624048e-08,-1.350865865790506084e-05
7.851901267511675176e-08,-1.346736897697094044e-05
7.858572381587726304e-08,-1.342620549936956220e-05
7.865243495663776109e-08,-1.338516783935612493e-05
7.871914609739827238e-08,-1.334425561236482789e-05
7.878585723815877042e-08,-1.330346843500533857e-05
7.885256837891929494e-08,-1.326280592505914375e-05
7.891927951967979299e-08,-1.322226770147603089e-05
7.898599066044030428e-08,-1.318185338437045435e-05
7.905270180120080232e-08,-1.314156259501799992e-05
7.911941294196131361e-08,-1.310139495585184076e-05
7.918612408272182489e-08,-1.306135009045921722e-05
7.925283522348232294e-08,-1.302142762357785721e-05
7.931954636424283422e-08,-1.298162718109249829e-05
7.938625750500334551e-08,-1.294194839003138269e-05
7.945296864576385679e-08,-1.290239087856276071e-05
7.951967978652435484e-08,-1.286295427599136881e-05
7.958639092728485289e-08,-1.282363821275502277e-05
7.965310206804537741e-08,-1.278444232042108225e-05
7.971981320880587546e-08,-1.274536623168306260e-05
7.978652434956638674e-08,-1.270640958035715868e-05
7.985323549032688479e-08,-1.266757200137880079e-05
7.991994663108740931e-08,-1.262885313079925979e-05
7.998665777184790736e-08,-1.259025260578224201e-05
8.005336891260840541e-08,-1.255177006460046047e-05
8.012008005336891669e-08,-1.251340514663226875e-05
8.018679119412942797e-08,-1.247515749235824917e-05
8.025350233488993926e-08,-1.243702674335791273e-05
8.032021347565043731e-08,-1.239901254230625680e-05
8.038692461641094859e-08,-1.236111453297046163e-05
8.045363575717145987e-08,-1.232333236020654803e-05
8.052034689793195792e-08,-1.228566566995606370e-05
8.058705803869246921e-08,-1.224811410924272230e-05
8.065376917945296726e-08,-1.221067732616912872e-05
8.072048032021349177e-08,-1.217335496991347062e-05
8.078719146097398982e-08,-1.213614669072625908e-05
8.085390260173450111e-08,-1.209905213992700476e-05
8.092061374249499916e-08,-1.206207096990097045e-05
8.098732488325551044e-08,-1.202520283409590656e-05
8.105403602401602172e-08,-1.198844738701885444e-05
8.112074716477651977e-08,-1.195180428423282431e-05
8.118745830553703106e-08,-1.191527318235362058e-05
8.125416944629754234e-08,-1.187885373904661127e-05
8.132088058705805362e-08,-1.184254561302354316e-05
8.138759172781855167e-08,-1.180634846403929765e-05
8.145430286857904972e-08,-1.177026195288873136e-05
8.152101400933957424e-08,-1.173428574140349461e-05
8.158772515010007229e-08,-1.169841949244887713e-05
8.165443629086058357e-08,-1.166266286992060797e-05
8.172114743162108162e-08,-1.162701553874173834e-05
8.178785857238160614e-08,-1.159147716485949753e-05
8.185456971314210419e-08,-1.155604741524216220e-05
8.192128085390260224e-08,-1.152072595787592578e-05
8.198799199466311352e-08,-1.148551246176177969e-05
8.205470313542362481e-08,-1.145040659691245384e-05
8.212141427618413609e-08,-1.141540803434928434e-05
8.218812541694463414e-08,-1.138051644609912178e-05
8.225483655770513219e-08,-1.134573150519131414e-05
8.232154769846565671e-08,-1.131105288565456767e-05
8.238825883922615476e-08,-1.127648026251396533e-05
8.245496997998666604e-08,-1.124201331178786326e-05
8.252168112074716409e-08,-1.120765171048489399e-05
8.258839226150768861e-08,-1.117339513660090356e-05
8.265510340226818666e-08,-1.113924326911598353e-05
8.272181454302868470e-08,-1.110519578799141486e-05
8.278852568378919599e-08,-1.107125237416669145e-05
8.285523682454970727e-08,-1.103741270955651656e-05
8.292194796531021856e-08,-1.100367647704786022e-05
8.298865910607071661e-08,-1.097004336049693025e-05
8.305537024683122789e-08,-1.093651304472625337e-05
8.312208138759173917e-08,-1.090308521552169193e-05
8.318879252835223722e-08,-1.086975955962954711e-05
8.325550366911274851e-08,-1.083653576475355869e-05
8.332221480987324655e-08,-1.080341351955202174e-05
8.338892595063377107e-08,-1.077039251363484917e-05
8.345563709139426912e-08,-1.073747243756069851e-05
8.352234823215478041e-08,-1.070465298283402092e-05
8.358905937291527845e-08,-1.067193384190219818e-05
8.365577051367578974e-08,-1.063931470815265093e-05
8.372248165443630102e-08,-1.060679527591000280e-05
8.378919279519679907e-08,-1.057437524043315306e-05
8.385590393595731035e-08,-1.054205429791246111e-05
8.392261507671782164e-08,-1.050983214546688178e-05
8.398932621747833292e-08,-1.047770848114116506e-05
8.405603735823883097e-08,-1.044568300390297446e-05
8.412274849899932902e-08,-1.041375541364009017e-05
8.418945963975985354e-08,-1.038192541115759009e-05
8.425617078052035159e-08,-1.035019269817508172e-05
8.432288192128086287e-08,-1.031855697732384598e-05
8.438959306204136092e-08,-1.028701795214408945e-05
8.445630420280188544e-08,-1.025557532708215423e-05
8.452301534356238349e-08,-1.022422880748777523e-05
8.458972648432288154e-08,-1.019297809961126973e-05
8.465643762508339282e-08,-1.016182291060081502e-05
8.472314876584390410e-08,-1.013076294849971250e-05
8.478985990660441539e-08,-1.009979792224363816e-05
8.485657104736491344e-08,-1.006892754165789824e-05
8.492328218812541149e-08,-1.003815151745474581e-05
8.498999332888593600e-08,-1.000746956123064656e-05
8.505670446964643405e-08,-9.976881385463578440e-06
8.512341561040694534e-08,-9.946386703510341494e-06
8.519012675116744339e-08,-9.915985229603876158e-06
8.525683789192796790e-08,-9.885676678850571384e-06
8.532354903268846595e-08,-9.855460767227610039e-06
8.539026017344896400e-08,-9.825337211580297364e-06
8.545697131420948852e-08,-9.795305729619404675e-06
8.552368245496998657e-08,-9.765366039918546958e-06
8.559039359573049785e-08,-9.735517861911511316e-06
8.565710473649099590e-08,-9.705760915889656586e-06
8.572381587725152042e-08,-9.676094922999265512e-06
8.579052701801201847e-08,-9.646519605238966372e-06
8.585723815877251652e-08,-9.617034685457095326e-06
8.592394929953302780e-08,-9.587639887349121427e-06
8.599066044029353909e-08,-9.558334935455027603e-06
8.605737158105405037e-08,-9.529119555156783105e-06
8.612408272181454842e-08,-9.499993472675709235e-06
8.619079386257505970e-08,-9.470956415069951804e-06
8.625750500333557099e-08,-9.442008110231895983e-06
8.632421614409606904e-08,-9.413148286885674335e-06
8.639092728485658032e-08,-9.384376674584544398e-06
8.645763842561707837e-08,-9.355693003708405187e-06
8.652434956637760289e-08,-9.327097005461254401e-06
8.659106070713810094e-08,-9.298588411868694754e-06
8.665777184789861222e-08,-9.270166955775379332e-06
8.672448298865911027e-08,-9.241832370842538246e-06
8.679119412941962155e-08,-9.213584391545466342e-06
8.685790527018013284e-08,-9.185422753171066800e-06
8.692461641094063089e-08,-9.157347191815332058e-06
8.699132755170114217e-08,-9.129357444380878950e-06
8.705803869246165345e-08,-9.101453248574500776e-06
8.712474983322216474e-08,-9.073634342904702440e-06
8.719146097398266279e-08,-9.045900466679238970e-06
8.725817211474316083e-08,-9.018251360002682839e-06
8.732488325550368535e-08,-8.990686763773984513e-06
8.739159439626418340e-08,-8.963206419684048240e-06
8.745830553702469469e-08,-8.935810070213316312e-06
8.752501667778519273e-08,-8.908497458629321142e-06
8.759172781854571725e-08,-8.881268328984338981e-06
8.765843895930621530e-08,-8.854122426112938604e-06
8.772515010006671335e-08,-8.827059495629631643e-06
8.779186124082722464e-08,-8.800079283926434825e-06
8.785857238158773592e-08,-8.773181538170550793e-06
8.792528352234824720e-08,-8.746366006301974398e-06
8.799199466310874525e-08,-8.719632437031129467e-06
8.805870580386925654e-08,-8.692980579836497121e-06
8.812541694462976782e-08,-8.666410184962303369e-06
8.819212808539026587e-08,-8.639921003416162662e-06
8.825883922615077715e-08,-8.613512786966743474e-06
8.832555036691127520e-08,-8.587185288141420324e-06
8.839226150767179972e-08,-8.560938260224000340e-06
8.845897264843229777e-08,-8.534771457252380365e-06
8.852568378919280905e-08,-8.508684634016256584e-06
8.859239492995330710e-08,-8.482677546054795176e-06
8.865910607071381838e-08,-8.456749949654382602e-06
8.872581721147432967e-08,-8.430901601846328447e-06
8.879252835223482772e-08,-8.405132260404581823e-06
8.885923949299533900e-08,-8.379441683843451150e-06
8.892595063375585029e-08,-8.353829631415364608e-06
8.899266177451636157e-08,-8.328295863108603473e-06
8.905937291527685962e-08,-8.302840139645064255e-06
8.912608405603735767e-08,-8.277462222477973406e-06
8.919279519679788219e-08,-8.252161873789713834e-06
8.925950633755838023e-08,-8.226938856489553155e-06
8.932621747831889152e-08,-8.201792934211439719e-06
8.939292861907938957e-08,-8.176723871311788466e-06
8.945963975983991409e-08,-8.151731432867243059e-06
8.952635090060041213e-08,-8.126815384672524427e-06
8.959306204136091018e-08,-8.101975493238196288e-06
8.965977318212142147e-08,-8.077211525788505217e-06
8.972648432288193275e-08,-8.052523250259161419e-06
8.979319546364244403e-08,-8.027910435295207593e-06
8.985990660440294208e-08,-8.003372850248821732e-06
8.992661774516344013e-08,-7.978910265177175819e-06
8.999332888592396465e-08,-7.954522450840238626e-06
9.006004002668446270e-08,-7.930209178698714037e-06
9.012675116744497398e-08,-7.905970220911786244e-06
9.019346230820547203e-08,-7.881805350335085176e-06
9.026017344896599655e-08,-7.857714340518477433e-06
9.032688458972649460e-08,-7.833696965704030026e-06
9.039359573048699265e-08,-7.809753000823799614e-06
9.046030687124750393e-08,-7.785882221497804708e-06
9.052701801200801522e-08,-7.762084404031860662e-06
9.059372915276852650e-08,-7.738359325415543395e-06
9.066044029352902455e-08,-7.714706763320041324e-06
9.072715143428953583e-08,-7.691126496096114011e-06
9.079386257505004712e-08,-7.667618302771976273e-06
9.086057371581054517e-08,-7.644181963051300884e-06
9.092728485657105645e-08,-7.620817257311044236e-06
9.099399599733155450e-08,-7.597523966599493082e-06
9.106070713809207902e-08,-7.574301872634127473e-06
9.112741827885257707e-08,-7.551150757799664962e-06
9.119412941961308835e-08,-7.528070405145928614e-06
9.126084056037358640e-08,-7.505060598385881050e-06
9.132755170113409768e-08,-7.482121121893549214e-06
9.139426284189460897e-08,-7.459251760702071959e-06
9.146097398265510702e-08,-7.436452300501595177e-06
9.152768512341561830e-08,-7.413722527637341402e-06
9.159439626417612958e-08,-7.391062229107543905e-06
9.166110740493664087e-08,-7.368471192561534934e-06
9.172781854569713892e-08,-7.345949206297648466e-06
9.179452968645763696e-08,-7.323496059261327932e-06
9.186124082721816148e-08,-7.301111541043097572e-06
9.192795196797865953e-08,-7.278795441876616806e-06
9.199466310873917082e-08,-7.256547552636678686e-06
9.206137424949966886e-08,-7.234367664837303236e-06
9.212808539026019338e-08,-7.212255570629736751e-06
9.219479653102069143e-08,-7.190211062800540046e-06
9.226150767178118948e-08,-7.168233934769602167e-06
9.232821881254170077e-08,-7.146323980588253200e-06
9.239492995330221205e-08,-7.124480994937307621e-06
9.246164109406272333e-08,-7.102704773125139844e-06
9.252835223482322138e-08,-7.080995111085783472e-06
9.259506337558371943e-08,-7.059351805376986515e-06
9.266177451634424395e-08,-7.037774653178339444e-06
9.272848565710474200e-08,-7.016263452289361745e-06
9.279519679786525328e-08,-6.994818001127603718e-06
9.286190793862575133e-08,-6.973438098726749123e-06
9.292861907938627585e-08,-6.952123544734752552e-06
9.299533022014677390e-08,-6.930874139411950552e-06
9.306204136090727195e-08,-6.909689683629197298e-06
9.312875250166778323e-08,-6.888569978865970633e-06
9.319546364242829451e-08,-6.867514827208551791e-06
9.326217478318880580e-08,-6.846524031348150913e-06
9.332888592394930385e-08,-6.825597394579057978e-06
9.339559706470981513e-08,-6.804734720796786949e-06
9.346230820547032642e-08,-6.783935814496271594e-06
9.352901934623082446e-08,-6.763200480770002016e-06
9.359573048699133575e-08,-6.742528525306220471e-06
9.366244162775183380e-08,-6.721919754387071448e-06
9.372915276851235832e-08,-6.701373974886822051e-06
9.379586390927285636e-08,-6.680890994270025637e-06
9.386257505003336765e-08,-6.660470620589739652e-06
9.392928619079386570e-08,-6.640112662485687574e-06
9.399599733155439022e-08,-6.619816929182520801e-06
9.406270847231488826e-08,-6.599583230487983976e-06
9.412941961307538631e-08,-6.579411376791165016e-06
9.419613075383589760e-08,-6.559301179060685008e-06
9.426284189459640888e-08,-6.539252448842962630e-06
9.432955303535692016e-08,-6.519264998260425227e-06
9.439626417611741821e-08,-6.499338640009760526e-06
9.446297531687791626e-08,-6.479473187360139567e-06
9.452968645763844078e-08,-6.459668454151498919e-06
9.459639759839893883e-08,-6.439924254792770379e-06
9.466310873915945011e-08,-6.420240404260164885e-06
9.472981987991994816e-08,-6.400616718095400523e-06
9.479653102068047268e-08,-6.381053012404016929e-06
9.486324216144097073e-08,-6.361549103853632102e-06
9.492995330220146878e-08,-6.342104809672222070e-06
9.499666444296198006e-08,-6.322719947646416668e-06
9.506337558372249135e-08,-6.303394336119774129e-06
9.513008672448300263e-08,-6.284127793991103959e-06
9.519679786524350068e-08,-6.264920140712756775e-06
9.526350900600401196e-08,-6.245771196288936174e-06
9.533022014676452325e-08,-6.226680781273992801e-06
9.539693128752502130e-08,-6.207648716770776878e-06
9.546364242828553258e-08,-6.188674824428934815e-06
9.553035356904603063e-08,-6.169758926443256650e-06
9.559706470980655515e-08,-6.150900845551980292e-06
9.566377585056705320e-08,-6.132100405035178765e-06
9.573048699132756448e-08,-6.113357428713044972e-06
9.579719813208806253e-08,-6.094671740944300962e-06
9.586390927284857381e-08,-6.076043166624491162e-06
9.593062041360908510e-08,-6.057471531184408588e-06
9.599733155436958315e-08,-6.038956660588390616e-06
9.606404269513009443e-08,-6.020498381332743501e-06
9.613075383589060571e-08,-6.002096520444066943e-06
9.619746497665111700e-08,-5.983750905477700632e-06
9.626417611741161505e-08,-5.965461364516027640e-06
9.633088725817211309e-08,-5.947227726166929429e-06
9.639759839893263761e-08,-5.929049819562127369e-06
9.646430953969313566e-08,-5.910927474355641976e-06
9.653102068045364695e-08,-5.892860520722131039e-06
9.659773182121414499e-08,-5.874848789355352253e-06
9.666444296197466951e-08,-5.856892111466526754e-06
9.673115410273516756e-08,-5.838990318782822078e-06
9.679786524349566561e-08,-5.821143243545699603e-06
9.686457638425617690e-08,-5.803350718509409373e-06
9.693128752501668818e-08,-5.785612576939363791e-06
9.699799866577719946e-08,-5.767928652610646844e-06
9.706470980653769751e-08,-5.750298779806375093e-06
9.713142094729819556e-08,-5.732722793316202658e-06
9.719813208805872008e-08,-5.715200528434755059e-06
9.726484322881921813e-08,-5.697731820960088458e-06
9.733155436957972941e-08,-5.680316507192128579e-06
9.739826551034022746e-08,-5.662954423931179933e-06
9.746497665110075198e-08,-5.645645408476358801e-06
9.753168779186125003e-08,-5.628389298624093145e-06
9.759839893262174808e-08,-5.611185932666574227e-06
9.766511007338225936e-08,-5.594035149390274303e-06
9.773182121414277064e-08,-5.576936788074412649e-06
9.779853235490328193e-08,-5.559890688489462236e-06
9.786524349566377998e-08,-5.542896690895645406e-06
9.793195463642429126e-08,-5.525954636041419371e-06
9.799866577718480254e-08,-5.509064365162015933e-06
9.806537691794530059e-08,-5.492225719977928683e-06
9.813208805870581188e-08,-5.475438542693445087e-06
9.819879919946630993e-08,-5.458702675995146398e-06
9.826551034022683445e-08,-5.442017963050460073e-06
9.833222148098733249e-08,-5.425384247506176620e-06
9.839893262174784378e-08,-5.408801373486986767e-06
9.846564376250834183e-08,-5.392269185594006787e-06
9.853235490326885311e-08,-5.375787528903349544e-06
9.859906604402936439e-08,-5.359356248964651509e-06
9.866577718478986244e-08,-5.342975191799641271e-06
9.873248832555037373e-08,-5.326644203900665701e-06
9.879919946631088501e-08,-5.310363132229292347e-06
9.886591060707139629e-08,-5.294131824214854233e-06
9.893262174783189434e-08,-5.277950127753018372e-06
9.899933288859239239e-08,-5.261817891204356819e-06
9.906604402935291691e-08,-5.245734963392944838e-06
9.913275517011341496e-08,-5.229701193604922632e-06
9.919946631087392624e-08,-5.213716431587107063e-06
9.926617745163442429e-08,-5.197780527545544917e-06
9.933288859239494881e-08,-5.181893332144154259e-06
9.939959973315544686e-08,-5.166054696503295497e-06
9.946631087391594491e-08,-5.150264472198394100e-06
9.953302201467645619e-08,-5.134522511258518431e-06
9.959973315543696748e-08,-5.118828666165037199e-06
9.966644429619747876e-08,-5.103182789850206613e-06
9.973315543695797681e-08,-5.087584735695802418e-06
9.979986657771848809e-08,-5.072034357531736690e-06
9.986657771847899938e-08,-5.056531509634704284e-06
9.993328885923949743e-08,-5.041076046726805551e-06
1.000000000000000087e-07,-5.025667823974191936e-06
