0.0, 0.0
6.6711140760507e-11, 0.00025453770808966366
1.33422281521014e-10, 0.0004751833266597267
2.0013342228152106e-10, 0.0006661928114235107
2.66844563042028e-10, 0.0008311368337751649
3.33555703802535e-10, 0.0009730517396594133
4.002668445630421e-10, 0.0010945512309647404
4.669779853235491e-10, 0.0011979094712121826
5.33689126084056e-10, 0.0012851233966613227
6.004002668445631e-10, 0.0013579598829870283
6.6711140760507e-10, 0.0014179918651055787
7.338225483655771e-10, 0.001466626378265294
8.005336891260842e-10, 0.0015051266681615268
8.672448298865912e-10, 0.0015346299229831173
9.339559706470982e-10, 0.0015561617497054543
1.0006671114076052e-09, 0.0015706482058103733
1.067378252168112e-09, 0.0015789259732016643
1.1340893929286192e-09, 0.001581751099515975
1.2008005336891262e-09, 0.0015798066159072308
1.2675116744496331e-09, 0.0015737092570586293
1.33422281521014e-09, 0.0015640154494675044
1.4009339559706472e-09, 0.0015512266913028018
1.4676450967311542e-09, 0.0015357944165434474
1.534356237491661e-09, 0.0015181244141998851
1.6010673782521684e-09, 0.0014985808577050235
1.6677785190126754e-09, 0.0014774899882440413
1.7344896597731823e-09, 0.0014551434875940891
1.8012008005336893e-09, 0.001431801570051294
1.8679119412941964e-09, 0.0014076958185846387
1.934623082054703e-09, 0.0013830317870146072
2.0013342228152103e-09, 0.0013579913874451313
2.0680453635757174e-09, 0.001332735080152828
2.134756504336224e-09, 0.0013074038814990874
2.2014676450967313e-09, 0.0012821212040676569
2.2681787858572385e-09, 0.0012569945420667717
2.3348899266177452e-09, 0.0012321170140178646
2.4016010673782524e-09, 0.0012075687738465272
2.4683122081387595e-09, 0.0011834183006710125
2.5350233488992662e-09, 0.0011597235768323686
2.6017344896597734e-09, 0.0011365331630167543
2.66844563042028e-09, 0.0011138871786766243
2.7351567711807873e-09, 0.0010918181953577571
2.8018679119412944e-09, 0.001070352049979312
2.868579052701801e-09, 0.001049508584591346
2.9352901934623083e-09, 0.0010293023186458933
3.0020013342228155e-09, 0.0010097430593618557
3.068712474983322e-09, 0.000990836455338695
3.1354236157438293e-09, 0.0009725844981776082
3.202134756504337e-09, 0.0009549859764999322
3.2688458972648436e-09, 0.000938036886409429
3.3355570380253508e-09, 0.0009217308021264078
3.402268178785858e-09, 0.0009060592102258893
3.4689793195463647e-09, 0.0008910118106378565
3.535690460306872e-09, 0.0008765767873136993
3.6024016010673785e-09, 0.0008627410512279784
3.6691127418278857e-09, 0.0008494904581673617
3.735823882588393e-09, 0.0008368100035578201
3.8025350233489e-09, 0.0008246839963958105
3.869246164109406e-09, 0.0008130962141781294
3.9359573048699135e-09, 0.0008020300405673721
4.002668445630421e-09, 0.0007914685873845516
4.069379586390928e-09, 0.0007813948023864894
4.136090727151435e-09, 0.0007717915641622601
4.202801867911942e-09, 0.0007626417653694671
4.269513008672448e-09, 0.0007539283854266994
4.3362241494329555e-09, 0.0007456345536824914
4.402935290193463e-09, 0.0007377436039928355
4.46964643095397e-09, 0.0007302391215581969
4.536357571714477e-09, 0.0007231049827964662
4.603068712474983e-09, 0.0007163253889599017
4.6697798532354904e-09, 0.0007098848941413211
4.7364909939959976e-09, 0.0007037684282572104
4.803202134756505e-09, 0.0006979613155425969
4.869913275517012e-09, 0.0006924492890441037
4.936624416277519e-09, 0.0006872185015532282
5.003335557038025e-09, 0.0006822555333812418
5.0700466977985325e-09, 0.0006775473973398778
5.13675783855904e-09, 0.0006730815412579215
5.203468979319547e-09, 0.0006688458483326381
5.270180120080054e-09, 0.0006648286355864862
5.33689126084056e-09, 0.000661018650673512
5.403602401601067e-09, 0.000657405067256025
5.4703135423615745e-09, 0.0006539774791504293
5.537024683122082e-09, 0.000650725893421255
5.603735823882589e-09, 0.0006476407225843555
5.670446964643096e-09, 0.0006447127760637434
5.737158105403602e-09, 0.0006419332510315277
5.8038692461641095e-09, 0.0006392937227467433
5.870580386924617e-09, 0.0006367861344964213
5.937291527685124e-09, 0.0006344027872309498
6.004002668445631e-09, 0.0006321363289754995
6.070713809206137e-09, 0.0006299797440899647
6.137424949966644e-09, 0.0006279263424414248
6.2041360907271515e-09, 0.000625969748545459
6.270847231487659e-09, 0.0006241038907257272
6.337558372248166e-09, 0.0006223229903349512
6.404269513008674e-09, 0.0006206215510747723
6.47098065376918e-09, 0.0006189943484468582
6.537691794529687e-09, 0.0006174364193630167
6.604402935290194e-09, 0.0006159430519379538
6.6711140760507016e-09, 0.0006145097754845713
6.737825216811209e-09, 0.0006131323507283874
6.804536357571716e-09, 0.0006118067602546525
6.871247498332222e-09, 0.0006105291991990874
6.937958639092729e-09, 0.0006092960661907721
7.0046697798532365e-09, 0.000608103954553609
7.071380920613744e-09, 0.0006069496437708989
7.138092061374251e-09, 0.0006058300912159141
7.204803202134757e-09, 0.0006047424241498727
7.271514342895264e-09, 0.0006036839319874516
7.338225483655771e-09, 0.0006026520588288242
7.4049366244162785e-09, 0.0006016443962562476
7.471647765176786e-09, 0.000600658676392362
7.538358905937292e-09, 0.0005996927652166315
7.6050700466978e-09, 0.0005987446561357382
7.671781187458306e-09, 0.0005978124638032007
7.738492328218813e-09, 0.0005968944181830525
7.80520346897932e-09, 0.0005959888588520404
7.871914609739827e-09, 0.0005950942295345113
7.938625750500335e-09, 0.0005942090728639127
8.005336891260841e-09, 0.000593332025364656
8.07204803202135e-09, 0.0005924618126479493
8.138759172781855e-09, 0.0005915972448151291
8.205470313542362e-09, 0.0005907372120619517
8.27218145430287e-09, 0.0005898806804773
8.338892595063376e-09, 0.0005890266880297631
8.405603735823884e-09, 0.00058817434073559
8.47231487658439e-09, 0.0005873228090015671
8.539026017344897e-09, 0.0005864713241364573
8.605737158105405e-09, 0.0005856191750247291
8.672448298865911e-09, 0.0005847657049564082
8.739159439626419e-09, 0.0005839103086070133
8.805870580386925e-09, 0.0005830524291616608
8.872581721147432e-09, 0.0005821915555775655
8.93929286190794e-09, 0.0005813272199793083
9.006004002668446e-09, 0.0005804589951813936
9.072715143428954e-09, 0.0005795864923327676
9.13942628418946e-09, 0.0005787093586781362
9.206137424949967e-09, 0.0005778272754310686
9.272848565710475e-09, 0.0005769399557540386
9.339559706470981e-09, 0.0005760471428407128
9.406270847231489e-09, 0.0005751486080959575
9.472981987991995e-09, 0.0005742441494091875
9.539693128752503e-09, 0.0005733335895168424
9.60640426951301e-09, 0.0005724167744499267
9.673115410273516e-09, 0.0005714935720627046
9.739826551034024e-09, 0.000570563870638785
9.80653769179453e-09, 0.0005696275775709826
9.873248832555038e-09, 0.00056868461811148
9.939959973315544e-09, 0.000567734934188958
1.000667111407605e-08, 0.0005667784832894965
1.0073382254836559e-08, 0.0005658152373981737
1.0140093395597065e-08, 0.0005648451819984322
1.0206804536357573e-08, 0.0005638683151263929
1.027351567711808e-08, 0.0005628846464774238
1.0340226817878586e-08, 0.0005618941965623865
1.0406937958639094e-08, 0.000560896995911096
1.04736490993996e-08, 0.0005598930843206345
1.0540360240160108e-08, 0.0005588825101462759
1.0607071380920614e-08, 0.0005578653296328614
1.067378252168112e-08, 0.000556841606284579
1.0740493662441628e-08, 0.0005558114102711916
1.0807204803202135e-08, 0.000554774817868836
1.0873915943962643e-08, 0.0005537319109336208
1.0940627084723149e-08, 0.0005526827764063186
1.1007338225483657e-08, 0.0005516275058465365
1.1074049366244163e-08, 0.0005505661949948237
1.114076050700467e-08, 0.0005494989433612456
1.1207471647765178e-08, 0.0005484258538390279
1.1274182788525684e-08, 0.0005473470323419429
1.1340893929286192e-08, 0.0005462625874641662
1.1407605070046698e-08, 0.000545172630161406
1.1474316210807205e-08, 0.0005440772734521562
1.1541027351567713e-08, 0.0005429766321379867
1.1607738492328219e-08, 0.0005418708225418347
1.1674449633088727e-08, 0.0005407599622633158
1.1741160773849233e-08, 0.0005396441699501207
1.180787191460974e-08, 0.00053852356508461
1.1874583055370248e-08, 0.0005373982677847653
1.1941294196130754e-08, 0.0005362683986186978
1.2008005336891262e-08, 0.0005351340784319559
1.2074716477651768e-08, 0.0005339954281869116
1.2141427618412274e-08, 0.0005328525688135439
1.2208138759172782e-08, 0.0005317056210709695
1.2274849899933289e-08, 0.000530554705419111
1.2341561040693797e-08, 0.0005293999418999158
1.2408272181454303e-08, 0.0005282414500275785
1.2474983322214811e-08, 0.0005270793486872409
1.2541694462975317e-08, 0.000525913756041677
1.2608405603735824e-08, 0.0005247447894454926
1.2675116744496332e-08, 0.0005235725653663949
1.2741827885256838e-08, 0.0005223971993131139
1.2808539026017348e-08, 0.0005212188057695765
1.2875250166777854e-08, 0.0005200374981349559
1.294196130753836e-08, 0.000518853388669241
1.3008672448298868e-08, 0.0005176665884439887
1.3075383589059375e-08, 0.0005164772072979404
1.3142094729819882e-08, 0.0005152853537972017
1.3208805870580389e-08, 0.0005140911351996986
1.3275517011340895e-08, 0.0005128946574236433
1.3342228152101403e-08, 0.000511696025019754
1.340893929286191e-08, 0.0005104953411469884
1.3475650433622417e-08, 0.0005092927075515644
1.3542361574382924e-08, 0.0005080882245490526
1.3609072715143432e-08, 0.0005068819910093391
1.3675783855903938e-08, 0.0005056741043442676
1.3742494996664444e-08, 0.0005044646604977816
1.3809206137424952e-08, 0.0005032537539383927
1.3875917278185459e-08, 0.0005020414776538204
1.3942628418945967e-08, 0.0005008279231476471
1.4009339559706473e-08, 0.0004996131804378505
1.407605070046698e-08, 0.0004983973380570735
1.4142761841227487e-08, 0.0004971804830545106
1.4209472981987994e-08, 0.0004959627009992897
1.4276184122748502e-08, 0.0004947440759852333
1.4342895263509008e-08, 0.0004935246906369015
1.4409606404269514e-08, 0.0004923046261168091
1.4476317545030022e-08, 0.000491083962133729
1.4543028685790528e-08, 0.0004898627769519923
1.4609739826551036e-08, 0.0004886411474017001
1.4676450967311543e-08, 0.0004874191488897746
1.4743162108072049e-08, 0.0004861968554117715
1.4809873248832557e-08, 0.0004849743395643872
1.4876584389593063e-08, 0.00048375167255859815
1.494329553035357e-08, 0.0004825289242333688
1.501000667111408e-08, 0.00048130616306987507
1.5076717811874584e-08, 0.00048008345620618656
1.5143428952635092e-08, 0.00047886086945236195
1.52101400933956e-08, 0.0004776384673059077
1.5276851234156105e-08, 0.0004764163129675593
1.5343562374916613e-08, 0.0004751944683573417
1.541027351567712e-08, 0.00047397299413087264
1.5476984656437625e-08, 0.0004727519496958741
1.5543695797198133e-08, 0.00047153139322885564
1.561040693795864e-08, 0.00047031138169194325
1.567711807871915e-08, 0.0004690919708498187
1.5743829219479654e-08, 0.00046787321528675056
1.5810540360240162e-08, 0.0004666551684236837
1.587725150100067e-08, 0.00046543788253536957
1.5943962641761174e-08, 0.0004642214087675142
1.6010673782521682e-08, 0.000463005797153923
1.607738492328219e-08, 0.0004617910966336246
1.61440960640427e-08, 0.0004605773550679563
1.6210807204803203e-08, 0.0004593646192575961
1.627751834556371e-08, 0.0004581529349595253
1.634422948632422e-08, 0.000456942346903909
1.6410940627084724e-08, 0.00045573289881088155
1.647765176784523e-08, 0.00045452463340722667
1.654436290860574e-08, 0.0004533175924429409
1.6611074049366244e-08, 0.00045211181670766964
1.6677785190126752e-08, 0.00045090734604701045
1.674449633088726e-08, 0.0004497042193786715
1.6811207471647768e-08, 0.0004485024747084814
1.6877918612408273e-08, 0.00044730214914624224
1.694462975316878e-08, 0.00044610327892141954
1.701134089392929e-08, 0.0004449058993986663
1.7078052034689793e-08, 0.00044371004509317257
1.71447631754503e-08, 0.0004425157496858404
1.721147431621081e-08, 0.0004413230460382775
1.7278185456971317e-08, 0.0004401319662076088
1.7344896597731822e-08, 0.0004389425414611011
1.741160773849233e-08, 0.0004377548022905998
1.7478318879252838e-08, 0.00043656877842677413
1.7545030020013343e-08, 0.00043538449885317364
1.761174116077385e-08, 0.0004342019918200867
1.767845230153436e-08, 0.0004330212848582099
1.7745163442294863e-08, 0.0004318424047921184
1.781187458305537e-08, 0.0004306653777535432
1.787858572381588e-08, 0.00042949022919445295
1.7945296864576387e-08, 0.00042831698389993856
1.8012008005336892e-08, 0.0004271456660009052
1.80787191460974e-08, 0.0004259762989865669
1.8145430286857908e-08, 0.0004248089057167496
1.8212141427618412e-08, 0.0004236435084339981
1.827885256837892e-08, 0.00042248012877549356
1.834556370913943e-08, 0.0004213187877847778
1.8412274849899933e-08, 0.0004201595059232876
1.847898599066044e-08, 0.0004190023030817017
1.854569713142095e-08, 0.00041784719859109875
1.8612408272181457e-08, 0.000416694211233931
1.8679119412941962e-08, 0.00041554335925481306
1.874583055370247e-08, 0.00041439466037112855
1.8812541694462978e-08, 0.0004132481317834558
1.8879252835223482e-08, 0.00041210379018581655
1.894596397598399e-08, 0.0004109616517757448
1.9012675116744498e-08, 0.00040982173226418315
1.9079386257505006e-08, 0.00040868404688520647
1.914609739826551e-08, 0.0004075486104055725
1.921280853902602e-08, 0.00040641543713410694
1.9279519679786527e-08, 0.000405284540930919
1.934623082054703e-08, 0.00040415593521645436
1.941294196130754e-08, 0.0004030296329803857
1.9479653102068047e-08, 0.0004019056467903424
1.9546364242828552e-08, 0.000400783988800483
1.961307538358906e-08, 0.00039966467075991185
1.9679786524349568e-08, 0.00039854770402094253
1.9746497665110076e-08, 0.0003974330995472096
1.981320880587058e-08, 0.0003963208679216319
1.987991994663109e-08, 0.0003952110193542289
1.9946631087391597e-08, 0.000394103563689792
2.00133422281521e-08, 0.0003929985104154145
2.008005336891261e-08, 0.00039189586866788097
2.0146764509673117e-08, 0.00039079564724091813
2.0213475650433625e-08, 0.00038969785459231113
2.028018679119413e-08, 0.00038860249885088545
2.0346897931954638e-08, 0.00038750958782335766
2.0413609072715146e-08, 0.00038641912900105684
2.048032021347565e-08, 0.0003853311295665195
2.054703135423616e-08, 0.0003842455963999581
2.0613742494996667e-08, 0.00038316253608560813
2.068045363575717e-08, 0.00038208195491795373
2.074716477651768e-08, 0.0003810038589078339
2.0813875917278187e-08, 0.00037992825378843376
2.0880587058038695e-08, 0.0003788551450211584
2.09472981987992e-08, 0.000377784537801396
2.1014009339559708e-08, 0.0003767164370641702
2.1080720480320216e-08, 0.00037565084748968184
2.114743162108072e-08, 0.0003745877735087457
2.121414276184123e-08, 0.0003735272193081206
2.1280853902601736e-08, 0.00037246918883573736
2.134756504336224e-08, 0.0003714136858058253
2.141427618412275e-08, 0.0003703607137039382
2.1480987324883257e-08, 0.000369310275791884
2.1547698465643765e-08, 0.0003682623751125573
2.161440960640427e-08, 0.000367217014494678
2.1681120747164778e-08, 0.0003661741965574383
2.1747831887925286e-08, 0.00036513392371505655
2.181454302868579e-08, 0.0003640961981812448
2.1881254169446298e-08, 0.00036306102197358677
2.1947965310206806e-08, 0.00036202839691783017
2.2014676450967314e-08, 0.00036099832465209635
2.208138759172782e-08, 0.00035997080663100427
2.2148098732488327e-08, 0.0003589458441297162
2.2214809873248835e-08, 0.0003579234382479014
2.228152101400934e-08, 0.00035690358991362337
2.2348232154769847e-08, 0.00035588629988714845
2.2414943295530355e-08, 0.0003548715687646817
2.248165443629086e-08, 0.0003538593969820257
2.2548365577051368e-08, 0.0003528497848181695
2.2615076717811876e-08, 0.00035184273239880523
2.2681787858572384e-08, 0.0003508382396997749
2.274849899933289e-08, 0.00034983630655044905
2.2815210140093397e-08, 0.00034883693263703844
2.2881921280853905e-08, 0.000347840117505839
2.294863242161441e-08, 0.00034684586056641303
2.3015343562374917e-08, 0.00034585416109470673
2.3082054703135425e-08, 0.00034486501823610536
2.314876584389593e-08, 0.00034387843100842745
2.3215476984656438e-08, 0.0003428943983048596
2.3282188125416946e-08, 0.00034191291889683193
2.3348899266177454e-08, 0.0003409339914368369
2.341561040693796e-08, 0.00033995761446119015
2.3482321547698466e-08, 0.0003389837863927385
2.3549032688458974e-08, 0.0003380125055435104
2.361574382921948e-08, 0.0003370437701173167
2.3682454969979987e-08, 0.000336077578212296
2.3749166110740495e-08, 0.0003351139278234112
2.3815877251501003e-08, 0.00033415281684489435
2.3882588392261508e-08, 0.0003331942430726434
2.3949299533022016e-08, 0.0003322382042065695
2.4016010673782524e-08, 0.0003312846978528982
2.4082721814543028e-08, 0.00033033372152642296
2.4149432955303536e-08, 0.0003293852726527149
2.4216144096064044e-08, 0.0003284393485702859
2.428285523682455e-08, 0.00032749594653270965
2.4349566377585057e-08, 0.00032655506371069847
2.4416277518345565e-08, 0.0003256166971941396
2.4482988659106073e-08, 0.00032468084399408864
2.4549699799866577e-08, 0.0003237475010447234
2.4616410940627085e-08, 0.0003228166652052586
2.4683122081387593e-08, 0.00032188833326182053
2.4749833222148098e-08, 0.0003209625019292847
2.4816544362908606e-08, 0.0003200391678530754
2.4883255503669114e-08, 0.00031911832761092923
2.4949966644429622e-08, 0.00031819997771462196
2.5016677785190127e-08, 0.0003172841146116614
2.5083388925950635e-08, 0.00031637073468694464
2.5150100066711143e-08, 0.000315459834264382
2.5216811207471647e-08, 0.0003145514096084876
2.5283522348232155e-08, 0.0003136454569259379
2.5350233488992663e-08, 0.0003127419723670975
2.5416944629753168e-08, 0.000311840952027515
2.5483655770513676e-08, 0.00031094239194938704
2.5550366911274184e-08, 0.00031004628812299304
2.5617078052034695e-08, 0.00030915263648809957
2.56837891927952e-08, 0.00030826143293533786
2.5750500333555708e-08, 0.0003073726733075508
2.5817211474316216e-08, 0.0003064863534011136
2.588392261507672e-08, 0.00030560246896722674
2.595063375583723e-08, 0.00030472101571318253
2.6017344896597736e-08, 0.0003038419893036054
2.6084056037358244e-08, 0.00030296538536166715
2.615076717811875e-08, 0.00030209119947027606
2.6217478318879257e-08, 0.0003012194271732425
2.6284189459639765e-08, 0.00030035006397641966
2.635090060040027e-08, 0.00029948310534882127
2.6417611741160778e-08, 0.00029861854672371595
2.6484322881921286e-08, 0.0002977563834996985
2.655103402268179e-08, 0.0002968966110417396
2.6617745163442298e-08, 0.0002960392246822131
2.6684456304202806e-08, 0.0002951842197219027
2.6751167444963314e-08, 0.0002943315914309869
2.681787858572382e-08, 0.00029348133505000364
2.6884589726484327e-08, 0.00029263344579079527
2.6951300867244835e-08, 0.0002917879188374334
2.701801200800534e-08, 0.0002909447493471243
2.7084723148765847e-08, 0.0002901039324510959
2.7151434289526355e-08, 0.0002892654632554656
2.7218145430286863e-08, 0.00028842933684209034
2.7284856571047368e-08, 0.00028759554826939855
2.7351567711807876e-08, 0.00028676409257320513
2.7418278852568384e-08, 0.00028593496476750824
2.748498999332889e-08, 0.00028510815984527065
2.7551701134089397e-08, 0.0002842836727791838
2.7618412274849905e-08, 0.00028346149852241534
2.768512341561041e-08, 0.0002826416320093425
2.7751834556370917e-08, 0.0002818240681562678
2.7818545697131425e-08, 0.0002810088018621214
2.7885256837891933e-08, 0.0002801958280091476
2.7951967978652438e-08, 0.0002793851414635771
2.8018679119412946e-08, 0.00027857673707628477
2.8085390260173454e-08, 0.0002777706096834335
2.815210140093396e-08, 0.00027696675410710447
2.8218812541694466e-08, 0.000276165165155914
2.8285523682454974e-08, 0.0002753658376256166
2.8352234823215482e-08, 0.00027456876629969605
2.8418945963975987e-08, 0.00027377394594994294
2.8485657104736495e-08, 0.00027298137133702037
2.8552368245497003e-08, 0.00027219103721101744
2.8619079386257508e-08, 0.0002714029383119906
2.8685790527018016e-08, 0.0002706170693704934
2.8752501667778524e-08, 0.00026983342510809464
2.8819212808539028e-08, 0.0002690520002378858
2.8885923949299536e-08, 0.000268272789464977
2.8952635090060044e-08, 0.00026749578748698244
2.9019346230820552e-08, 0.000266720988994495
2.9086057371581057e-08, 0.0002659483886715508
2.9152768512341565e-08, 0.0002651779811960835
2.9219479653102073e-08, 0.00026440976124036887
2.9286190793862578e-08, 0.000263643723471459
2.9352901934623086e-08, 0.0002628798625516077
2.9419613075383593e-08, 0.00026211817313868653
2.9486324216144098e-08, 0.0002613586498865905
2.9553035356904606e-08, 0.00026060128744563696
2.9619746497665114e-08, 0.000259846080462953
2.9686457638425622e-08, 0.00025909302358285714
2.9753168779186127e-08, 0.0002583421114472297
2.981987991994664e-08, 0.00025759333869587725
2.988659106070714e-08, 0.00025684669996688754
2.995330220146765e-08, 0.000256102189896977
3.002001334222816e-08, 0.00025535980312183063
3.0086724482988663e-08, 0.0002546195342764335
3.015343562374917e-08, 0.0002538813779953957
3.022014676450968e-08, 0.0002531453289132695
3.0286857905270184e-08, 0.00025241138166485897
3.035356904603069e-08, 0.00025167953088552384
3.04202801867912e-08, 0.0002509497712114746
3.0486991327551705e-08, 0.00025022209728006245
3.055370246831221e-08, 0.0002494965037300619
3.062041360907272e-08, 0.00024877298520194685
3.0687124749833225e-08, 0.0002480515363381609
3.075383589059373e-08, 0.00024733215178338047
3.082054703135424e-08, 0.00024661482618477287
3.0887258172114746e-08, 0.0002458995541922476
3.095396931287525e-08, 0.00024518633045870206
3.102068045363576e-08, 0.00024447514964026184
3.1087391594396266e-08, 0.00024376600639651477
3.115410273515678e-08, 0.00024305889539074017
3.122081387591728e-08, 0.00024235381129013178
3.128752501667779e-08, 0.0002416507487660168
3.13542361574383e-08, 0.00024094970249406776
3.14209472981988e-08, 0.00024025066715451166
3.148765843895931e-08, 0.00023955363743233214
3.155436957971982e-08, 0.0002388586080174679
3.1621080720480324e-08, 0.000238165573605006
3.168779186124083e-08, 0.00023747452889537048
3.175450300200134e-08, 0.00023678546859450631
3.1821214142761844e-08, 0.00023609838741405956
3.188792528352235e-08, 0.00023541328007155177
3.195463642428286e-08, 0.00023473014129055117
3.2021347565043365e-08, 0.00023404896580083993
3.208805870580387e-08, 0.0002333697483385759
3.215476984656438e-08, 0.00023269248364645123
3.2221480987324885e-08, 0.00023201716647384756
3.22881921280854e-08, 0.0002313437915769858
3.2354903268845895e-08, 0.0002306723537190737
3.2421614409606406e-08, 0.0002300028476704484
3.248832555036691e-08, 0.00022933526820871628
3.255503669112742e-08, 0.0002286696101188886
3.2621747831887927e-08, 0.00022800586819351422
3.268845897264844e-08, 0.000227344037232808
3.2755170113408936e-08, 0.00022668411204477713
3.282188125416945e-08, 0.0002260260874453426
3.288859239492995e-08, 0.0002253699582584591
3.295530353569046e-08, 0.00022471571931623026
3.302201467645097e-08, 0.00022406336545902194
3.308872581721148e-08, 0.00022341289153557172
3.3155436957971984e-08, 0.0002227642924030959
3.322214809873249e-08, 0.00022211756292739334
3.328885923949299e-08, 0.00022147269798294676
3.3355570380253504e-08, 0.0002208296924530204
3.342228152101401e-08, 0.00022018854122975645
3.348899266177452e-08, 0.00021954923921426706
3.3555703802535025e-08, 0.00021891178131672542
3.3622414943295536e-08, 0.00021827616245645264
3.3689126084056034e-08, 0.0002176423775620037
3.3755837224816546e-08, 0.00021701042157124955
3.382254836557705e-08, 0.00021638028943145782
3.388925950633756e-08, 0.00021575197609937047
3.3955970647098066e-08, 0.00021512547654127995
3.402268178785858e-08, 0.00021450078573310172
3.408939292861908e-08, 0.00021387789866044625
3.415610406937959e-08, 0.00021325681031868766
3.42228152101401e-08, 0.00021263751571303036
3.42895263509006e-08, 0.0002120200098585746
3.4356237491661114e-08, 0.0002114042877803781
3.442294863242162e-08, 0.00021079034451351793
3.448965977318213e-08, 0.00021017817510314834
3.4556370913942635e-08, 0.0002095677746045587
3.462308205470314e-08, 0.0002089591380832274
3.4689793195463644e-08, 0.00020835226061487595
3.4756504336224155e-08, 0.00020774713728551983
3.482321547698466e-08, 0.0002071437631915185
3.488992661774517e-08, 0.00020654213343962295
3.4956637758505676e-08, 0.00020594224314702235
3.502334889926619e-08, 0.00020534408744138813
3.5090060040026685e-08, 0.0002047476614609176
3.5156771180787197e-08, 0.00020415296035437472
3.52234823215477e-08, 0.0002035599792811305
3.529019346230821e-08, 0.0002029687134112007
3.535690460306872e-08, 0.0002023791579252835
3.542361574382923e-08, 0.00020179130801479422
3.5490326884589727e-08, 0.0002012051588818997
3.555703802535024e-08, 0.00020062070573955058
3.562374916611074e-08, 0.00020003794381151307
3.5690460306871254e-08, 0.00019945686833239818
3.575717144763176e-08, 0.000198877474547691
3.582388258839227e-08, 0.00019829975771377747
3.5890593729152774e-08, 0.00019772371309797102
3.595730486991328e-08, 0.0001971493359785368
3.6024016010673784e-08, 0.00019657662164471615
3.6090727151434295e-08, 0.0001960055653967482
3.61574382921948e-08, 0.0001954361625458922
3.622414943295531e-08, 0.00019486840841444693
3.6290860573715816e-08, 0.00019430229833577051
3.635757171447633e-08, 0.00019373782765429794
3.6424282855236825e-08, 0.0001931749917255587
3.6490993995997336e-08, 0.00019261378591619202
3.655770513675784e-08, 0.00019205420560396285
3.662441627751835e-08, 0.00019149624617777506
3.669112741827886e-08, 0.00019093990303768496
3.675783855903937e-08, 0.0001903851715949133
3.6824549699799866e-08, 0.00018983204727185664
3.689126084056038e-08, 0.00018928052550209724
3.695797198132088e-08, 0.00018873060173041313
3.7024683122081393e-08, 0.00018818227141278622
3.70913942628419e-08, 0.00018763553001641028
3.715810540360241e-08, 0.00018709037301969768
3.7224816544362914e-08, 0.00018654679591228573
3.729152768512342e-08, 0.00018600479419504196
3.7358238825883923e-08, 0.00018546436338006867
3.7424949966644435e-08, 0.0001849254989907065
3.749166110740494e-08, 0.00018438819656153808
3.755837224816545e-08, 0.00018385245163838994
3.7625083388925955e-08, 0.00018331825977833423
3.7691794529686467e-08, 0.0001827856165496901
3.7758505670446965e-08, 0.0001822545175320235
3.7825216811207476e-08, 0.00018172495831614695
3.789192795196798e-08, 0.00018119693450411903
3.795863909272849e-08, 0.00018067044170924212
3.8025350233488997e-08, 0.00018014547555606086
3.809206137424951e-08, 0.00017962203168035847
3.815877251501001e-08, 0.00017910010572915448
3.822548365577052e-08, 0.0001785796933606995
3.829219479653102e-08, 0.00017806079024447203
3.835890593729153e-08, 0.00017754339206117232
3.842561707805204e-08, 0.00017702749450271721
3.849232821881255e-08, 0.00017651309327223414
3.8559039359573054e-08, 0.00017600018408405447
3.8625750500333565e-08, 0.0001754887626637059
3.869246164109406e-08, 0.00017497882474790574
3.8759172781854574e-08, 0.00017447036608455205
3.882588392261508e-08, 0.00017396338243271564
3.889259506337559e-08, 0.0001734578695626306
3.8959306204136095e-08, 0.0001729538232556855
3.9026017344896606e-08, 0.00017245123930441288
3.9092728485657104e-08, 0.00017195011351247967
3.9159439626417616e-08, 0.0001714504416946758
3.922615076717812e-08, 0.00017095221967690377
3.929286190793863e-08, 0.00017045544329616672
3.9359573048699136e-08, 0.00016996010840055696
3.942628418945965e-08, 0.00016946621084924335
3.949299533022015e-08, 0.0001689737465124593
3.955970647098066e-08, 0.00016848271127148918
3.962641761174116e-08, 0.00016799310101865545
3.969312875250167e-08, 0.00016750491165730522
3.975983989326218e-08, 0.00016701813910179592
3.982655103402269e-08, 0.0001665327792774813
3.9893262174783193e-08, 0.00016604882812069674
3.9959973315543705e-08, 0.00016556628157874445
4.00266844563042e-08, 0.0001650851356098786
4.0093395597064714e-08, 0.00016460538618328925
4.016010673782522e-08, 0.00016412702927908723
4.022681787858573e-08, 0.0001636500608882878
4.0293529019346235e-08, 0.00016317447701279483
4.0360240160106746e-08, 0.00016270027366538337
4.042695130086725e-08, 0.00016222744686968406
4.0493662441627755e-08, 0.00016175599266016517
4.056037358238826e-08, 0.00016128590708211593
4.062708472314877e-08, 0.00016081718619162874
4.0693795863909276e-08, 0.0001603498260555818
4.076050700466979e-08, 0.0001598838227516204
4.082721814543029e-08, 0.00015941917236813997
4.08939292861908e-08, 0.0001589558710042666
4.09606404269513e-08, 0.0001584939147698394
4.102735156771181e-08, 0.00015803329978539092
4.109406270847232e-08, 0.00015757402218212894
4.116077384923283e-08, 0.00015711607810191684
4.122748498999333e-08, 0.00015665946369725458
4.1294196130753844e-08, 0.00015620417513125911
4.136090727151434e-08, 0.00015575020857764484
4.1427618412274854e-08, 0.0001552975602207036
4.149432955303536e-08, 0.00015484622625528484
4.156104069379587e-08, 0.00015439620288677542
4.1627751834556374e-08, 0.00015394748633107958
4.1694462975316886e-08, 0.00015350007281459804
4.176117411607739e-08, 0.00015305395857420783
4.1827885256837895e-08, 0.00015260913985724157
4.18945963975984e-08, 0.00015216561292146635
4.196130753835891e-08, 0.00015172337403506302
4.2028018679119415e-08, 0.0001512824194766051
4.209472981987993e-08, 0.0001508427455350373
4.216144096064043e-08, 0.00015040434850965463
4.222815210140094e-08, 0.0001499672247100805
4.229486324216144e-08, 0.00014953137045624562
4.236157438292195e-08, 0.0001490967820783659
4.242828552368246e-08, 0.00014866345591692116
4.249499666444297e-08, 0.00014823138832263273
4.256170780520347e-08, 0.00014780057565644213
4.2628418945963984e-08, 0.00014737101428948855
4.269513008672448e-08, 0.0001469427006030869
4.276184122748499e-08, 0.0001465156309887056
4.28285523682455e-08, 0.0001460898018479444
4.289526350900601e-08, 0.0001456652095925116
4.2961974649766514e-08, 0.0001452418506442022
4.3028685790527025e-08, 0.00014481972143487497
4.309539693128753e-08, 0.00014439881840642998
4.3162108072048035e-08, 0.00014397913801078585
4.322881921280854e-08, 0.00014356067670985727
4.329553035356905e-08, 0.00014314343097553207
4.3362241494329555e-08, 0.00014272739728964827
4.3428952635090066e-08, 0.00014231257214397154
4.349566377585057e-08, 0.00014189895204017177
4.356237491661108e-08, 0.0001414865334898005
4.362908605737158e-08, 0.00014107531301426783
4.369579719813209e-08, 0.00014066528714481899
4.3762508338892596e-08, 0.00014025645242251165
4.382921947965311e-08, 0.00013984880539819235
4.389593062041361e-08, 0.00013944234263247367
4.3962641761174124e-08, 0.0001390370606957107
4.402935290193463e-08, 0.00013863295616797793
4.409606404269513e-08, 0.00013823002563904585
4.416277518345564e-08, 0.0001378282657083576
4.422948632421615e-08, 0.00013742767298500567
4.4296197464976654e-08, 0.00013702824408770846
4.4362908605737165e-08, 0.00013662997564478684
4.442961974649767e-08, 0.00013623286429414083
4.449633088725818e-08, 0.0001358369066832258
4.456304202801868e-08, 0.00013544209946902966
4.462975316877919e-08, 0.00013504843931804844
4.4696464309539695e-08, 0.00013465592290626358
4.4763175450300206e-08, 0.00013426454691911808
4.482988659106071e-08, 0.0001338743080514929
4.489659773182122e-08, 0.0001334852030076835
4.496330887258172e-08, 0.00013309722850137634
4.503002001334223e-08, 0.00013271038125562516
4.5096731154102736e-08, 0.00013232465800282764
4.516344229486325e-08, 0.00013194005548470143
4.523015343562375e-08, 0.00013155657045226118
4.529686457638426e-08, 0.00013117419966579436
4.536357571714477e-08, 0.0001307929398948381
4.543028685790527e-08, 0.00013041278791815533
4.549699799866578e-08, 0.0001300337405237115
4.556370913942629e-08, 0.00012965579450865071
4.563042028018679e-08, 0.00012927894667927239
4.5697131420947304e-08, 0.00012890319385100752
4.576384256170781e-08, 0.00012852853284839544
4.583055370246832e-08, 0.0001281549605050598
4.589726484322882e-08, 0.0001277824736636856
4.596397598398933e-08, 0.00012741106917599514
4.6030687124749834e-08, 0.00012704074390272496
4.6097398265510346e-08, 0.000126671494713602
4.616410940627085e-08, 0.00012630331848732053
4.623082054703136e-08, 0.00012593621211151812
4.629753168779186e-08, 0.00012557017248275272
4.636424282855237e-08, 0.00012520519650647904
4.6430953969312876e-08, 0.00012484128109702515
4.649766511007339e-08, 0.00012447842317756888
4.656437625083389e-08, 0.000124116619680115
4.66310873915944e-08, 0.0001237558675454712
4.669779853235491e-08, 0.00012339616372322525
4.676450967311541e-08, 0.0001230375051717216
4.683122081387592e-08, 0.00012267988885803792
4.689793195463643e-08, 0.00012232331175796206
4.696464309539693e-08, 0.00012196777085596878
4.7031354236157444e-08, 0.00012161326314519634
4.709806537691795e-08, 0.00012125978562742378
4.716477651767846e-08, 0.00012090733531304713
4.723148765843896e-08, 0.00012055590922105694
4.729819879919947e-08, 0.00012020550437901485
4.7364909939959974e-08, 0.00011985611782303044
4.7431621080720485e-08, 0.00011950774659773851
4.749833222148099e-08, 0.00011916038775627588
4.75650433622415e-08, 0.00011881403836025833
4.7631754503002006e-08, 0.00011846869547975802
4.769846564376251e-08, 0.00011812435619328018
4.7765176784523015e-08, 0.00011778101758774053
4.7831887925283527e-08, 0.00011743867675844224
4.789859906604403e-08, 0.00011709733080905343
4.796531020680454e-08, 0.00011675697685158391
4.803202134756505e-08, 0.00011641761200636313
4.809873248832556e-08, 0.00011607923340201673
4.8165443629086057e-08, 0.00011574183817544451
4.823215476984657e-08, 0.00011540542347179742
4.829886591060707e-08, 0.00011506998644445526
4.8365577051367584e-08, 0.00011473552425500383
4.843228819212809e-08, 0.00011440203407321276
4.84989993328886e-08, 0.00011406951307701266
4.85657104736491e-08, 0.00011373795845247315
4.863242161440961e-08, 0.00011340736739377997
4.8699132755170114e-08, 0.0001130777371032131
4.8765843895930625e-08, 0.00011274906479112415
4.883255503669113e-08, 0.00011242134767591413
4.889926617745164e-08, 0.0001120945829840113
4.8965977318212146e-08, 0.00011176876794984912
4.903268845897265e-08, 0.00011144389981584363
4.9099399599733155e-08, 0.00011111997583237196
4.9166110740493666e-08, 0.00011079699325774976
4.923282188125417e-08, 0.00011047494935820961
4.929953302201468e-08, 0.00011015384140787862
4.936624416277519e-08, 0.00010983366668875686
4.94329553035357e-08, 0.00010951442249069523
4.9499666444296196e-08, 0.00010919610611137391
4.956637758505671e-08, 0.00010887871485628007
4.963308872581721e-08, 0.00010856224603868673
4.9699799866577723e-08, 0.00010824669697963051
4.976651100733823e-08, 0.00010793206500789029
4.983322214809874e-08, 0.00010761834745996546
4.9899933288859244e-08, 0.00010730554168005447
4.996664442961975e-08, 0.00010699364502003303
5.0033355570380253e-08, 0.00010668265483943306
5.0100066711140765e-08, 0.00010637256850542074
5.016677785190127e-08, 0.0001060633833927756
5.023348899266178e-08, 0.00010575509688386885
5.0300200133422285e-08, 0.00010544770636864219
5.0366911274182797e-08, 0.0001051412092445866
5.0433622414943295e-08, 0.00010483560291672111
5.0500333555703806e-08, 0.00010453088479757153
5.056704469646431e-08, 0.00010422705230714957
5.063375583722482e-08, 0.00010392410287293158
5.0700466977985327e-08, 0.00010362203392983761
5.076717811874584e-08, 0.0001033208429202104
5.0833889259506336e-08, 0.00010302052729379459
5.090060040026685e-08, 0.00010272108450771563
5.096731154102735e-08, 0.0001024225120264592
5.103402268178786e-08, 0.00010212480732185021
5.110073382254837e-08, 0.00010182796787303229
5.116744496330888e-08, 0.00010153199116644681
5.123415610406939e-08, 0.00010123687469581262
5.130086724482989e-08, 0.00010094261596210529
5.13675783855904e-08, 0.00010064921247353634
5.1434289526350904e-08, 0.00010035666174553325
5.1501000667111416e-08, 0.00010006496130071855
5.156771180787192e-08, 9.977410866888979e-05
5.163442294863243e-08, 9.948410138699889e-05
5.1701134089392936e-08, 9.919493699913224e-05
5.176784523015344e-08, 9.890661305648998e-05
5.1834556370913946e-08, 9.861912711736612e-05
5.190126751167446e-08, 9.833247674712854e-05
5.196797865243496e-08, 9.804665951819834e-05
5.203468979319547e-08, 9.776167301003036e-05
5.210140093395598e-08, 9.7477514809093e-05
5.216811207471649e-08, 9.719418250884806e-05
5.223482321547699e-08, 9.691167370973119e-05
5.23015343562375e-08, 9.662998601913174e-05
5.2368245496998e-08, 9.634911705137324e-05
5.2434956637758514e-08, 9.606906442769333e-05
5.250166777851902e-08, 9.578982577622445e-05
5.256837891927953e-08, 9.551139873197367e-05
5.263509006004003e-08, 9.523378093680383e-05
5.270180120080054e-08, 9.495697003941308e-05
5.2768512341561044e-08, 9.468096369531624e-05
5.2835223482321555e-08, 9.440575956682467e-05
5.290193462308206e-08, 9.413135532302737e-05
5.296864576384257e-08, 9.385774863977122e-05
5.3035356904603076e-08, 9.35849371996421e-05
5.310206804536358e-08, 9.33129186919451e-05
5.3168779186124085e-08, 9.304169081268587e-05
5.3235490326884596e-08, 9.277125126455115e-05
5.33022014676451e-08, 9.250159775688957e-05
5.336891260840561e-08, 9.223272800569298e-05
5.343562374916612e-08, 9.196463973357704e-05
5.350233488992663e-08, 9.169733066976243e-05
5.3569046030687126e-08, 9.143079855005607e-05
5.363575717144764e-08, 9.116504111683193e-05
5.370246831220814e-08, 9.090005611901262e-05
5.3769179452968654e-08, 9.063584131205023e-05
5.383589059372916e-08, 9.037239445790796e-05
5.390260173448967e-08, 9.010971332504118e-05
5.3969312875250174e-08, 8.984779568837909e-05
5.403602401601068e-08, 8.95866393293058e-05
5.4102735156771184e-08, 8.932624203564227e-05
5.4169446297531695e-08, 8.906660160162734e-05
5.42361574382922e-08, 8.880771582789978e-05
5.430286857905271e-08, 8.854958252147951e-05
5.4369579719813216e-08, 8.829219949574962e-05
5.443629086057373e-08, 8.803556457043788e-05
5.4503002001334225e-08, 8.777967557159857e-05
5.4569713142094736e-08, 8.752453033159434e-05
5.463642428285524e-08, 8.727012668907802e-05
5.470313542361575e-08, 8.701646248897474e-05
5.476984656437626e-08, 8.676353558246347e-05
5.483655770513677e-08, 8.651134382695958e-05
5.4903268845897266e-08, 8.625988508609654e-05
5.496997998665778e-08, 8.600915722970802e-05
5.503669112741828e-08, 8.57591581338104e-05
5.5103402268178793e-08, 8.550988568058452e-05
5.51701134089393e-08, 8.526133775835839e-05
5.523682454969981e-08, 8.501351226158904e-05
5.5303535690460314e-08, 8.476640709084536e-05
5.537024683122082e-08, 8.452002015279005e-05
5.543695797198132e-08, 8.427434936016245e-05
5.5503669112741835e-08, 8.40293926317607e-05
5.557038025350234e-08, 8.378514789242468e-05
5.563709139426285e-08, 8.354161307301812e-05
5.5703802535023355e-08, 8.329878611041172e-05
5.5770513675783866e-08, 8.30566649474655e-05
5.5837224816544364e-08, 8.281524753301175e-05
5.5903935957304876e-08, 8.25745318218376e-05
5.597064709806538e-08, 8.233451577466816e-05
5.603735823882589e-08, 8.209519735814901e-05
5.6104069379586396e-08, 8.185657454482946e-05
5.617078052034691e-08, 8.161864531314543e-05
5.623749166110741e-08, 8.138140764740227e-05
5.630420280186792e-08, 8.114485953775813e-05
5.637091394262842e-08, 8.09089989802069e-05
5.643762508338893e-08, 8.067382397656136e-05
5.650433622414944e-08, 8.04393325344365e-05
5.657104736490995e-08, 8.020552266723262e-05
5.6637758505670454e-08, 7.997239239411878e-05
5.6704469646430965e-08, 7.973993974001599e-05
5.677118078719146e-08, 7.95081627355808e-05
5.6837891927951974e-08, 7.927705941718852e-05
5.690460306871248e-08, 7.904662782691687e-05
5.697131420947299e-08, 7.881686601252939e-05
5.7038025350233495e-08, 7.858777202745914e-05
5.7104736490994006e-08, 7.83593439307922e-05
5.7171447631754504e-08, 7.813157978725144e-05
5.7238158772515015e-08, 7.790447766718008e-05
5.730486991327552e-08, 7.767803564652566e-05
5.737158105403603e-08, 7.745225180682365e-05
5.7438292194796536e-08, 7.72271242351815e-05
5.750500333555705e-08, 7.70026510242622e-05
5.757171447631755e-08, 7.677883027226864e-05
5.7638425617078057e-08, 7.655566008292727e-05
5.770513675783856e-08, 7.633313856547228e-05
5.777184789859907e-08, 7.611126383462962e-05
5.783855903935958e-08, 7.589003401060116e-05
5.790527018012009e-08, 7.566944721904875e-05
5.797198132088059e-08, 7.544950159107865e-05
5.8038692461641105e-08, 7.52301952632254e-05
5.81054036024016e-08, 7.501152637743658e-05
5.8172114743162114e-08, 7.479349308105674e-05
5.823882588392262e-08, 7.457609352681215e-05
5.830553702468313e-08, 7.435932587279478e-05
5.8372248165443634e-08, 7.414318828244733e-05
5.8438959306204146e-08, 7.392767892454716e-05
5.8505670446964644e-08, 7.371279597319133e-05
5.8572381587725155e-08, 7.349853760778088e-05
5.863909272848566e-08, 7.328490201300572e-05
5.870580386924617e-08, 7.307188737882907e-05
5.8772515010006676e-08, 7.285949190047248e-05
5.883922615076719e-08, 7.264771377840025e-05
5.890593729152769e-08, 7.243655121830463e-05
5.8972648432288196e-08, 7.222600243109041e-05
5.90393595730487e-08, 7.201606563285989e-05
5.910607071380921e-08, 7.180673904489799e-05
5.917278185456972e-08, 7.159802089365691e-05
5.923949299533023e-08, 7.138990941074146e-05
5.930620413609073e-08, 7.118240283289405e-05
5.9372915276851244e-08, 7.097549940197972e-05
5.943962641761174e-08, 7.076919736497144e-05
5.9506337558372253e-08, 7.056349497393513e-05
5.957304869913276e-08, 7.035839048601515e-05
5.963975983989328e-08, 7.015388216341932e-05
5.970647098065377e-08, 6.994996827340448e-05
5.977318212141429e-08, 6.974664708826166e-05
5.983989326217478e-08, 6.954391688530167e-05
5.99066044029353e-08, 6.934177594684043e-05
5.99733155436958e-08, 6.914022256018451e-05
6.004002668445632e-08, 6.893925501761663e-05
6.010673782521682e-08, 6.873887161638133e-05
6.017344896597733e-08, 6.853907065867043e-05
6.024016010673782e-08, 6.833985045160887e-05
6.030687124749834e-08, 6.814120930724025e-05
6.037358238825885e-08, 6.794314554251273e-05
6.044029352901936e-08, 6.774565747926464e-05
6.050700466977986e-08, 6.754874344421041e-05
6.057371581054037e-08, 6.735240176892637e-05
6.064042695130087e-08, 6.715663078983685e-05
6.070713809206138e-08, 6.69614288481997e-05
6.077384923282189e-08, 6.676679429009277e-05
6.08405603735824e-08, 6.657272546639954e-05
6.09072715143429e-08, 6.637922073279548e-05
6.097398265510341e-08, 6.618627844973387e-05
6.104069379586391e-08, 6.599389698243222e-05
6.110740493662442e-08, 6.58020747008582e-05
6.117411607738493e-08, 6.561080997971607e-05
6.124082721814544e-08, 6.542010119843282e-05
6.130753835890594e-08, 6.522994674114453e-05
6.137424949966645e-08, 6.50403449966826e-05
6.144096064042695e-08, 6.485129435856036e-05
6.150767178118746e-08, 6.46627932249592e-05
6.157438292194797e-08, 6.447483999871526e-05
6.164109406270848e-08, 6.428743308730578e-05
6.170780520346898e-08, 6.410057090283572e-05
6.177451634422949e-08, 6.39142518620243e-05
6.184122748499e-08, 6.372847438619162e-05
6.19079386257505e-08, 6.354323690124535e-05
6.197464976651101e-08, 6.335853783766722e-05
6.204136090727152e-08, 6.317437563050008e-05
6.210807204803202e-08, 6.299074871933443e-05
6.217478318879253e-08, 6.280765554829524e-05
6.224149432955304e-08, 6.262509456602887e-05
6.230820547031356e-08, 6.244306422568987e-05
6.237491661107405e-08, 6.226156298492802e-05
6.244162775183456e-08, 6.208058930587511e-05
6.250833889259506e-08, 6.190014165513211e-05
6.257505003335557e-08, 6.172021850375601e-05
6.264176117411609e-08, 6.15408183272471e-05
6.27084723148766e-08, 6.136193960553586e-05
6.27751834556371e-08, 6.118358082297031e-05
6.28418945963976e-08, 6.100574046830297e-05
6.29086057371581e-08, 6.0828417034678323e-05
6.297531687791862e-08, 6.065160901961975e-05
6.304202801867913e-08, 6.04753149250172e-05
6.310873915943964e-08, 6.029953325711413e-05
6.317545030020014e-08, 6.012426252649521e-05
6.324216144096065e-08, 5.9949501248073414e-05
6.330887258172115e-08, 5.977524794107771e-05
6.337558372248166e-08, 5.960150112904041e-05
6.344229486324217e-08, 5.942825933978464e-05
6.350900600400268e-08, 5.925552110541195e-05
6.357571714476318e-08, 5.9083284962289906e-05
6.364242828552369e-08, 5.8911549451039604e-05
6.370913942628419e-08, 5.874031311652347e-05
6.37758505670447e-08, 5.856957450783278e-05
6.384256170780521e-08, 5.839933217827556e-05
6.390927284856572e-08, 5.8229584685364124e-05
6.397598398932622e-08, 5.806033059080314e-05
6.404269513008673e-08, 5.789156846047717e-05
6.410940627084724e-08, 5.7723296864438755e-05
6.417611741160774e-08, 5.755551437689617e-05
6.424282855236825e-08, 5.7388219576201426e-05
6.430953969312876e-08, 5.722141104483829e-05
6.437625083388926e-08, 5.705508736941013e-05
6.444296197464977e-08, 5.688924714062807e-05
6.450967311541028e-08, 5.6723888953299046e-05
6.45763842561708e-08, 5.6559011406313914e-05
6.464309539693129e-08, 5.639461310263554e-05
6.470980653769179e-08, 5.623069264928698e-05
6.477651767845231e-08, 5.6067248657339806e-05
6.484322881921281e-08, 5.590427974190223e-05
6.490993995997332e-08, 5.5741784522107326e-05
6.497665110073382e-08, 5.557976162110153e-05
6.504336224149435e-08, 5.541820966603282e-05
6.511007338225484e-08, 5.525712728803915e-05
6.517678452301534e-08, 5.509651312223695e-05
6.524349566377585e-08, 5.4936365807709343e-05
6.531020680453636e-08, 5.477668398749484e-05
6.537691794529688e-08, 5.461746630857583e-05
6.544362908605737e-08, 5.4458711421866966e-05
6.551034022681787e-08, 5.4300417982203894e-05
6.55770513675784e-08, 5.414258464833177e-05
6.56437625083389e-08, 5.39852100828941e-05
6.57104736490994e-08, 5.382829295242111e-05
6.57771847898599e-08, 5.367183192731868e-05
6.584389593062043e-08, 5.351582568185695e-05
6.591060707138093e-08, 5.3360272894159334e-05
6.597731821214142e-08, 5.320517224619097e-05
6.604402935290194e-08, 5.305052242374783e-05
6.611074049366245e-08, 5.289632211644553e-05
6.617745163442296e-08, 5.2742570017708196e-05
6.624416277518346e-08, 5.2589264824757386e-05
6.631087391594397e-08, 5.243640523860115e-05
6.637758505670448e-08, 5.22839899640229e-05
6.644429619746498e-08, 5.213201770957058e-05
6.651100733822549e-08, 5.1980487187545637e-05
6.657771847898599e-08, 5.182939711399213e-05
6.664442961974651e-08, 5.167874620868583e-05
6.671114076050701e-08, 5.1528533195123563e-05
6.677785190126752e-08, 5.137875680051213e-05
6.684456304202802e-08, 5.122941575575767e-05
6.691127418278853e-08, 5.1080508795454856e-05
6.697798532354904e-08, 5.0932034657876395e-05
6.704469646430954e-08, 5.078399208496197e-05
6.711140760507005e-08, 5.063637982230788e-05
6.717811874583056e-08, 5.0489196619156236e-05
6.724482988659107e-08, 5.034244122838464e-05
6.731154102735157e-08, 5.019611240649522e-05
6.737825216811207e-08, 5.0050208913604396e-05
6.744496330887259e-08, 4.990472951343235e-05
6.751167444963309e-08, 4.975967297329246e-05
6.75783855903936e-08, 4.961503806408085e-05
6.76450967311541e-08, 4.947082356026613e-05
6.771180787191463e-08, 4.932702823987882e-05
6.777851901267512e-08, 4.918365088450117e-05
6.784523015343562e-08, 4.904069027925678e-05
6.791194129419613e-08, 4.889814521280024e-05
6.797865243495664e-08, 4.875601447730694e-05
6.804536357571716e-08, 4.861429686846288e-05
6.811207471647765e-08, 4.847299118545441e-05
6.817878585723816e-08, 4.8332096230958e-05
6.824549699799868e-08, 4.8191610811130224e-05
6.831220813875917e-08, 4.805153373559763e-05
6.837891927951969e-08, 4.7911863817446544e-05
6.84456304202802e-08, 4.77725998732131e-05
6.851234156104071e-08, 4.7633740722873307e-05
6.85790527018012e-08, 4.749528518983282e-05
6.864576384256172e-08, 4.73572321009172e-05
6.871247498332223e-08, 4.721958028636181e-05
6.877918612408273e-08, 4.7082328579802094e-05
6.884589726484324e-08, 4.69454758182635e-05
6.891260840560374e-08, 4.68090208421517e-05
6.897931954636426e-08, 4.6672962495242825e-05
6.904603068712476e-08, 4.653729962467367e-05
6.911274182788527e-08, 4.64020310809318e-05
6.917945296864577e-08, 4.626715571784595e-05
6.924616410940628e-08, 4.6132672392576233e-05
6.931287525016679e-08, 4.599857996560456e-05
6.937958639092729e-08, 4.586487730072483e-05
6.94462975316878e-08, 4.573156326503348e-05
6.951300867244831e-08, 4.559863672891973e-05
6.957971981320882e-08, 4.546609656605612e-05
6.964643095396932e-08, 4.533394165338897e-05
6.971314209472982e-08, 4.520217087112879e-05
6.977985323549034e-08, 4.507078310274078e-05
6.984656437625084e-08, 4.4939777234935596e-05
6.991327551701135e-08, 4.480915215765962e-05
6.997998665777185e-08, 4.46789067640857e-05
7.004669779853237e-08, 4.454903995060377e-05
7.011340893929287e-08, 4.441955061681155e-05
7.018012008005337e-08, 4.429043766550511e-05
7.024683122081388e-08, 4.416170000266965e-05
7.031354236157439e-08, 4.403333653747017e-05
7.03802535023349e-08, 4.3905346182242385e-05
7.04469646430954e-08, 4.377772785248329e-05
7.05136757838559e-08, 4.365048046684213e-05
7.058038692461643e-08, 4.352360294711119e-05
7.064709806537692e-08, 4.3397094218216675e-05
7.071380920613743e-08, 4.327095320820955e-05
7.078052034689793e-08, 4.314517884825656e-05
7.084723148765846e-08, 4.3019770072631045e-05
7.091394262841896e-08, 4.289472581870403e-05
7.098065376917945e-08, 4.277004502693518e-05
7.104736490993996e-08, 4.264572664086378e-05
7.111407605070048e-08, 4.252176960709983e-05
7.118078719146099e-08, 4.239817287531515e-05
7.124749833222149e-08, 4.2274935398234424e-05
7.1314209472982e-08, 4.215205613162633e-05
7.138092061374251e-08, 4.202953403429469e-05
7.1447631754503e-08, 4.190736806806981e-05
7.151434289526352e-08, 4.1785557197799375e-05
7.158105403602401e-08, 4.1664100391339955e-05
7.164776517678454e-08, 4.154299661954809e-05
7.171447631754504e-08, 4.1422244856271724e-05
7.178118745830555e-08, 4.130184407834135e-05
7.184789859906605e-08, 4.1181793265561445e-05
7.191460973982656e-08, 4.1062091400701766e-05
7.198132088058707e-08, 4.0942737469488866e-05
7.204803202134757e-08, 4.0823730460597274e-05
7.211474316210808e-08, 4.070506936564111e-05
7.218145430286859e-08, 4.058675317916549e-05
7.22481654436291e-08, 4.0468780898638016e-05
7.23148765843896e-08, 4.035115152444021e-05
7.23815877251501e-08, 4.023386405985921e-05
7.244829886591062e-08, 4.011691751107907e-05
7.251501000667112e-08, 4.000031088717261e-05
7.258172114743163e-08, 3.9884043200092876e-05
7.264843228819213e-08, 3.976811346466475e-05
7.271514342895265e-08, 3.965252069857667e-05
7.278185456971315e-08, 3.953726392237233e-05
7.284856571047365e-08, 3.9422342159442255e-05
7.291527685123416e-08, 3.930775443601568e-05
7.298198799199467e-08, 3.9193499781152135e-05
7.304869913275518e-08, 3.907957722673345e-05
7.311541027351568e-08, 3.89659858074553e-05
7.318212141427618e-08, 3.885272456081918e-05
7.32488325550367e-08, 3.873979252712416e-05
7.33155436957972e-08, 3.862718874945894e-05
7.338225483655771e-08, 3.8514912273693475e-05
7.344896597731821e-08, 3.840296214847105e-05
7.351567711807874e-08, 3.8291337425200245e-05
7.358238825883923e-08, 3.818003715804681e-05
7.364909939959973e-08, 3.8069060403925674e-05
7.371581054036024e-08, 3.795840622249302e-05
7.378252168112076e-08, 3.784807367613818e-05
7.384923282188127e-08, 3.773806182997589e-05
7.391594396264176e-08, 3.762836975183817e-05
7.398265510340228e-08, 3.7518996512266546e-05
7.404936624416279e-08, 3.740994118450409e-05
7.411607738492328e-08, 3.730120284448777e-05
7.41827885256838e-08, 3.719278057084028e-05
7.42494996664443e-08, 3.708467344486256e-05
7.431621080720482e-08, 3.697688055052577e-05
7.438292194796532e-08, 3.686940097446376e-05
7.444963308872583e-08, 3.676223380596511e-05
7.451634422948633e-08, 3.665537813696554e-05
7.458305537024684e-08, 3.654883306204016e-05
7.464976651100735e-08, 3.6442597678395905e-05
7.471647765176785e-08, 3.633667108586373e-05
7.478318879252836e-08, 3.6231052386891075e-05
7.484989993328887e-08, 3.6125740686534246e-05
7.491661107404938e-08, 3.602073509245086e-05
7.498332221480988e-08, 3.591603471489223e-05
7.505003335557038e-08, 3.5811638666695836e-05
7.51167444963309e-08, 3.570754606327784e-05
7.51834556370914e-08, 3.5603756022625604e-05
7.525016677785191e-08, 3.550026766529014e-05
7.531687791861241e-08, 3.5397080114378754e-05
7.538358905937293e-08, 3.529419249554748e-05
7.545030020013343e-08, 3.5191603936993896e-05
7.551701134089393e-08, 3.50893135694495e-05
7.558372248165444e-08, 3.498732052617247e-05
7.565043362241495e-08, 3.488562394294029e-05
7.571714476317546e-08, 3.478422295804249e-05
7.578385590393596e-08, 3.468311671227323e-05
7.585056704469647e-08, 3.4582304348924076e-05
7.591727818545698e-08, 3.448178501377676e-05
7.598398932621748e-08, 3.438155785509599e-05
7.605070046697799e-08, 3.428162202362206e-05
7.611741160773849e-08, 3.4181976672563845e-05
7.618412274849902e-08, 3.408262095759149e-05
7.625083388925951e-08, 3.3983554036829364e-05
7.631754503002002e-08, 3.388477507084887e-05
7.638425617078052e-08, 3.378628322266127e-05
7.645096731154103e-08, 3.368807765771074e-05
7.651767845230155e-08, 3.35901575438672e-05
7.658438959306204e-08, 3.349252205141925e-05
7.665110073382255e-08, 3.339517035306721e-05
7.671781187458307e-08, 3.329810162391605e-05
7.678452301534358e-08, 3.320131504146843e-05
7.685123415610408e-08, 3.310480978561774e-05
7.691794529686457e-08, 3.3008585038641115e-05
7.69846564376251e-08, 3.2912639985192505e-05
7.70513675783856e-08, 3.281697381229587e-05
7.711807871914611e-08, 3.2721585709338154e-05
7.71847898599066e-08, 3.262647486806245e-05
7.725150100066713e-08, 3.25316404825612e-05
7.731821214142763e-08, 3.24370817492694e-05
7.738492328218813e-08, 3.2342797866957625e-05
7.745163442294864e-08, 3.224878803672542e-05
7.751834556370915e-08, 3.215505146199443e-05
7.758505670446966e-08, 3.206158734850172e-05
7.765176784523016e-08, 3.196839490429296e-05
7.771847898599066e-08, 3.1875473339715746e-05
7.778519012675118e-08, 3.178282186741299e-05
7.785190126751168e-08, 3.169043970231613e-05
7.791861240827219e-08, 3.159832606163853e-05
7.798532354903269e-08, 3.150648016486887e-05
7.805203468979321e-08, 3.141490123376449e-05
7.811874583055371e-08, 3.1323588492344826e-05
7.818545697131421e-08, 3.123254116688483e-05
7.825216811207472e-08, 3.11417584859084e-05
7.831887925283523e-08, 3.105123968018181e-05
7.838559039359574e-08, 3.0960983982707335e-05
7.845230153435624e-08, 3.0870990628716564e-05
7.851901267511675e-08, 3.078125885566403e-05
7.858572381587726e-08, 3.06917879032207e-05
7.865243495663776e-08, 3.0602577013267654e-05
7.871914609739827e-08, 3.051362542988948e-05
7.878585723815877e-08, 3.0424932399367942e-05
7.88525683789193e-08, 3.033649717017565e-05
7.891927951967979e-08, 3.024831899296967e-05
7.89859906604403e-08, 3.01603971205851e-05
7.90527018012008e-08, 3.0072730808028808e-05
7.911941294196131e-08, 2.998531931247311e-05
7.918612408272182e-08, 2.9898161893249502e-05
7.925283522348232e-08, 2.9811257811842275e-05
7.931954636424283e-08, 2.9724606331882433e-05
7.938625750500335e-08, 2.9638206719141252e-05
7.945296864576386e-08, 2.9552058241524255e-05
7.951967978652435e-08, 2.946616016906484e-05
7.958639092728485e-08, 2.9380511773918243e-05
7.965310206804538e-08, 2.9295112330355216e-05
7.971981320880588e-08, 2.920996111475604e-05
7.978652434956639e-08, 2.9125057405604287e-05
7.985323549032688e-08, 2.9040400483480708e-05
7.991994663108741e-08, 2.895598963105715e-05
7.998665777184791e-08, 2.8871824133090586e-05
8.00533689126084e-08, 2.878790327641686e-05
8.012008005336892e-08, 2.8704226349944787e-05
8.018679119412943e-08, 2.8620792644650047e-05
8.025350233488994e-08, 2.853760145356929e-05
8.032021347565044e-08, 2.845465207179401e-05
8.038692461641095e-08, 2.8371943796464633e-05
8.045363575717146e-08, 2.8289475926764554e-05
8.052034689793196e-08, 2.8207247763914284e-05
8.058705803869247e-08, 2.8125258611165363e-05
8.065376917945297e-08, 2.8043507773794565e-05
8.072048032021349e-08, 2.7961994559098006e-05
8.078719146097399e-08, 2.7880718276385273e-05
8.08539026017345e-08, 2.779967823697352e-05
8.0920613742495e-08, 2.7718873754181706e-05
8.098732488325551e-08, 2.76383041433247e-05
8.105403602401602e-08, 2.755796872170756e-05
8.112074716477652e-08, 2.7477866808619705e-05
8.118745830553703e-08, 2.7397997725329135e-05
8.125416944629754e-08, 2.7318360795076668e-05
8.132088058705805e-08, 2.7238955343070327e-05
8.138759172781855e-08, 2.7159780696479433e-05
8.145430286857905e-08, 2.708083618442905e-05
8.152101400933957e-08, 2.700212113799421e-05
8.158772515010007e-08, 2.6923634890194355e-05
8.165443629086058e-08, 2.6845376775987554e-05
8.172114743162108e-08, 2.6767346132264957e-05
8.17878585723816e-08, 2.668954229784511e-05
8.18545697131421e-08, 2.6611964613468474e-05
8.19212808539026e-08, 2.6534612421791692e-05
8.198799199466311e-08, 2.6457485067382085e-05
8.205470313542362e-08, 2.6380581896712118e-05
8.212141427618414e-08, 2.6303902258153863e-05
8.218812541694463e-08, 2.6227445501973387e-05
8.225483655770513e-08, 2.6151210980325395e-05
8.232154769846566e-08, 2.6075198047247608e-05
8.238825883922615e-08, 2.599940605865536e-05
8.245496997998667e-08, 2.592383437233614e-05
8.252168112074716e-08, 2.5848482347944122e-05
8.258839226150769e-08, 2.5773349346994707e-05
8.265510340226819e-08, 2.569843473285926e-05
8.272181454302868e-08, 2.562373787075952e-05
8.27885256837892e-08, 2.5549258127762365e-05
8.285523682454971e-08, 2.547499487277433e-05
8.292194796531022e-08, 2.5400947476536448e-05
8.298865910607072e-08, 2.5327115311618696e-05
8.305537024683123e-08, 2.5253497752414806e-05
8.312208138759174e-08, 2.5180094175136943e-05
8.318879252835224e-08, 2.510690395781045e-05
8.325550366911275e-08, 2.503392648026848e-05
8.332221480987325e-08, 2.4961161124146852e-05
8.338892595063377e-08, 2.4888607272878718e-05
8.345563709139427e-08, 2.4816264311689466e-05
8.352234823215478e-08, 2.474413162759134e-05
8.358905937291528e-08, 2.4672208609378365e-05
8.365577051367579e-08, 2.460049464762117e-05
8.37224816544363e-08, 2.4528989134661757e-05
8.37891927951968e-08, 2.4457691464608393e-05
8.385590393595731e-08, 2.4386601033330486e-05
8.392261507671782e-08, 2.4315717238453417e-05
8.398932621747833e-08, 2.424503947935351e-05
8.405603735823883e-08, 2.417456715715289e-05
8.412274849899933e-08, 2.4104299674714407e-05
8.418945963975985e-08, 2.4034236436636573e-05
8.425617078052035e-08, 2.396437684924861e-05
8.432288192128086e-08, 2.389472032060526e-05
8.438959306204136e-08, 2.3825266260481887e-05
8.445630420280189e-08, 2.3756014080369416e-05
8.452301534356238e-08, 2.3686963193469455e-05
8.458972648432288e-08, 2.3618113014689146e-05
8.465643762508339e-08, 2.3549462960636337e-05
8.47231487658439e-08, 2.3481012449614586e-05
8.478985990660442e-08, 2.341276090161831e-05
8.485657104736491e-08, 2.3344707738327727e-05
8.492328218812541e-08, 2.3276852383104087e-05
8.498999332888594e-08, 2.320919426098473e-05
8.505670446964643e-08, 2.3141732798678218e-05
8.512341561040695e-08, 2.3074467424559473e-05
8.519012675116744e-08, 2.3007397568664976e-05
8.525683789192797e-08, 2.2940522662687836e-05
8.532354903268847e-08, 2.2873842139973102e-05
8.539026017344896e-08, 2.280735543551289e-05
8.545697131420949e-08, 2.2741061985941575e-05
8.552368245496999e-08, 2.2674961229531077e-05
8.55903935957305e-08, 2.2609052606186083e-05
8.5657104736491e-08, 2.254333555743926e-05
8.572381587725152e-08, 2.247780952644655e-05
8.579052701801202e-08, 2.2412473957982515e-05
8.585723815877252e-08, 2.234732829843551e-05
8.592394929953303e-08, 2.228237199580307e-05
8.599066044029354e-08, 2.2217604499687222e-05
8.605737158105405e-08, 2.215302526128985e-05
8.612408272181455e-08, 2.2088633733407964e-05
8.619079386257506e-08, 2.2024429370429132e-05
8.625750500333557e-08, 2.1960411628326822e-05
8.632421614409607e-08, 2.189657996465585e-05
8.639092728485658e-08, 2.183293383854769e-05
8.645763842561708e-08, 2.1769472710705955e-05
8.65243495663776e-08, 2.170619604340183e-05
8.65910607071381e-08, 2.1643103300469496e-05
8.665777184789861e-08, 2.1580193947301568e-05
8.672448298865911e-08, 2.151746745084462e-05
8.679119412941962e-08, 2.14549232795946e-05
8.685790527018013e-08, 2.1392560903592396e-05
8.692461641094063e-08, 2.1330379794419287e-05
8.699132755170114e-08, 2.126837942519251e-05
8.705803869246165e-08, 2.1206559270560747e-05
8.712474983322216e-08, 2.1144918806699726e-05
8.719146097398266e-08, 2.1083457511307767e-05
8.725817211474316e-08, 2.1022174863601327e-05
8.732488325550369e-08, 2.0961070344310588e-05
8.739159439626418e-08, 2.0900143435675148e-05
8.74583055370247e-08, 2.0839393621439488e-05
8.752501667778519e-08, 2.077882038684872e-05
8.759172781854572e-08, 2.0718423218644138e-05
8.765843895930622e-08, 2.0658201605058962e-05
8.772515010006671e-08, 2.0598155035813904e-05
8.779186124082722e-08, 2.0538283002112906e-05
8.785857238158774e-08, 2.047858499663879e-05
8.792528352234825e-08, 2.0419060513549035e-05
8.799199466310875e-08, 2.0359709048471395e-05
8.805870580386926e-08, 2.0300530098499647e-05
8.812541694462977e-08, 2.0241523162189397e-05
8.819212808539027e-08, 2.0182687739553767e-05
8.825883922615078e-08, 2.0124023332059167e-05
8.832555036691128e-08, 2.0065529442621087e-05
8.83922615076718e-08, 2.0007205575599865e-05
8.84589726484323e-08, 1.9949051236796508e-05
8.852568378919281e-08, 1.9891065933448517e-05
8.859239492995331e-08, 1.983324917422566e-05
8.865910607071382e-08, 1.977560046922582e-05
8.872581721147433e-08, 1.9718119329970947e-05
8.879252835223483e-08, 1.9660805269402746e-05
8.885923949299534e-08, 1.9603657801878677e-05
8.892595063375585e-08, 1.9546676443167782e-05
8.899266177451636e-08, 1.948986071044666e-05
8.905937291527686e-08, 1.9433210122295257e-05
8.912608405603736e-08, 1.937672419869286e-05
8.919279519679788e-08, 1.932040246101402e-05
8.925950633755838e-08, 1.9264244432024525e-05
8.932621747831889e-08, 1.920824963587728e-05
8.939292861907939e-08, 1.9152417598108327e-05
8.945963975983991e-08, 1.9096747845632858e-05
8.952635090060041e-08, 1.904123990674112e-05
8.959306204136091e-08, 1.8985893311094485e-05
8.965977318212142e-08, 1.8930707589721442e-05
8.972648432288193e-08, 1.8875682275013617e-05
8.979319546364244e-08, 1.8820816900721827e-05
8.985990660440294e-08, 1.8766111001952133e-05
8.992661774516344e-08, 1.8711564115161858e-05
8.999332888592396e-08, 1.8657175778155704e-05
9.006004002668446e-08, 1.8602945530081852e-05
9.012675116744497e-08, 1.8548872911427978e-05
9.019346230820547e-08, 1.849495746401744e-05
9.0260173448966e-08, 1.8441198731005327e-05
9.03268845897265e-08, 1.838759625687469e-05
9.039359573048699e-08, 1.8334149587432574e-05
9.04603068712475e-08, 1.82808582698062e-05
9.052701801200802e-08, 1.8227721852439148e-05
9.059372915276853e-08, 1.8174739885087573e-05
9.066044029352902e-08, 1.8121911918816272e-05
9.072715143428954e-08, 1.8069237505994997e-05
9.079386257505005e-08, 1.8016716200294558e-05
9.086057371581055e-08, 1.7964347556683167e-05
9.092728485657106e-08, 1.7912131131422548e-05
9.099399599733155e-08, 1.7860066482064227e-05
9.106070713809208e-08, 1.78081531674458e-05
9.112741827885258e-08, 1.775639074768718e-05
9.119412941961309e-08, 1.7704778784186836e-05
9.126084056037359e-08, 1.7653316839618146e-05
9.13275517011341e-08, 1.7602004477925604e-05
9.139426284189461e-08, 1.755084126432122e-05
9.146097398265511e-08, 1.7499826765280762e-05
9.152768512341562e-08, 1.744896054854012e-05
9.159439626417613e-08, 1.7398242183091617e-05
9.166110740493664e-08, 1.7347671239180404e-05
9.172781854569714e-08, 1.7297247288300765e-05
9.179452968645764e-08, 1.7246969903192493e-05
9.186124082721816e-08, 1.719683865783732e-05
9.192795196797866e-08, 1.7146853127455258e-05
9.199466310873917e-08, 1.7097012888501023e-05
9.206137424949967e-08, 1.7047317518660396e-05
9.21280853902602e-08, 1.6997766596846725e-05
9.219479653102069e-08, 1.694835970319732e-05
9.226150767178119e-08, 1.6899096419069898e-05
9.23282188125417e-08, 1.684997632703897e-05
9.239492995330221e-08, 1.6800999010892442e-05
9.246164109406272e-08, 1.6752164055627967e-05
9.252835223482322e-08, 1.6703471047449506e-05
9.259506337558372e-08, 1.665491957376373e-05
9.266177451634424e-08, 1.6606509223176643e-05
9.272848565710474e-08, 1.655823958549e-05
9.279519679786525e-08, 1.6510110251697904e-05
9.286190793862575e-08, 1.6462120813983244e-05
9.292861907938628e-08, 1.6414270865714338e-05
9.299533022014677e-08, 1.636656000144145e-05
9.306204136090727e-08, 1.6318987816893355e-05
9.312875250166778e-08, 1.6271553908973868e-05
9.31954636424283e-08, 1.6224257875758527e-05
9.32621747831888e-08, 1.61770993164911e-05
9.33288859239493e-08, 1.6130077831580234e-05
9.339559706470982e-08, 1.6083193022596057e-05
9.346230820547033e-08, 1.6036444492266768e-05
9.352901934623082e-08, 1.5989831844475354e-05
9.359573048699134e-08, 1.5943354684256147e-05
9.366244162775183e-08, 1.589701261779155e-05
9.372915276851236e-08, 1.5850805252408586e-05
9.379586390927286e-08, 1.5804732196575766e-05
9.386257505003337e-08, 1.5758793059899554e-05
9.392928619079387e-08, 1.571298745312121e-05
9.399599733155439e-08, 1.5667314988113396e-05
9.406270847231489e-08, 1.5621775277877007e-05
9.412941961307539e-08, 1.557636793653773e-05
9.41961307538359e-08, 1.553109257934294e-05
9.426284189459641e-08, 1.548594882265827e-05
9.432955303535692e-08, 1.5440936283964565e-05
9.439626417611742e-08, 1.5396054581854423e-05
9.446297531687792e-08, 1.535130333602913e-05
9.452968645763844e-08, 1.5306682167295344e-05
9.459639759839894e-08, 1.5262190697561943e-05
9.466310873915945e-08, 1.5217828549836744e-05
9.472981987991995e-08, 1.5173595348223396e-05
9.479653102068047e-08, 1.5129490717918142e-05
9.486324216144097e-08, 1.5085514285206659e-05
9.492995330220147e-08, 1.5041665677460891e-05
9.499666444296198e-08, 1.4997944523135866e-05
9.506337558372249e-08, 1.4954350451766581e-05
9.5130086724483e-08, 1.491088309396488e-05
9.51967978652435e-08, 1.4867542081416274e-05
9.526350900600401e-08, 1.482432704687682e-05
9.533022014676452e-08, 1.4781237624170069e-05
9.539693128752502e-08, 1.4738273448183913e-05
9.546364242828553e-08, 1.4695434154867506e-05
9.553035356904603e-08, 1.4652719381228162e-05
9.559706470980656e-08, 1.4610128765328308e-05
9.566377585056705e-08, 1.4567661946282413e-05
9.573048699132756e-08, 1.4525318564253916e-05
9.579719813208806e-08, 1.4483098260452158e-05
9.586390927284857e-08, 1.4441000677129393e-05
9.593062041360909e-08, 1.4399025457577727e-05
9.599733155436958e-08, 1.4357172246126093e-05
9.60640426951301e-08, 1.4315440688137232e-05
9.61307538358906e-08, 1.427383043000471e-05
9.619746497665112e-08, 1.4232341119149915e-05
9.626417611741162e-08, 1.4190972404019053e-05
9.633088725817211e-08, 1.4149723934080196e-05
9.639759839893264e-08, 1.4108595359820267e-05
9.646430953969314e-08, 1.4067586332742137e-05
9.653102068045365e-08, 1.4026696505361635e-05
9.659773182121414e-08, 1.3985925531204617e-05
9.666444296197467e-08, 1.3945273064803983e-05
9.673115410273517e-08, 1.390473876169688e-05
9.679786524349567e-08, 1.3864322278421596e-05
9.686457638425618e-08, 1.382402327251482e-05
9.693128752501669e-08, 1.3783841402508615e-05
9.69979986657772e-08, 1.3743776327927647e-05
9.70647098065377e-08, 1.3703827709286154e-05
9.71314209472982e-08, 1.3663995208085203e-05
9.719813208805872e-08, 1.3624278486809719e-05
9.726484322881922e-08, 1.3584677208925741e-05
9.733155436957973e-08, 1.3545191038877426e-05
9.739826551034023e-08, 1.3505819642084324e-05
9.746497665110075e-08, 1.3466562684938487e-05
9.753168779186125e-08, 1.3427419834801673e-05
9.759839893262175e-08, 1.3388390760002468e-05
9.766511007338226e-08, 1.3349475129833559e-05
9.773182121414277e-08, 1.3310672614548871e-05
9.779853235490328e-08, 1.3271982885360795e-05
9.786524349566378e-08, 1.3233405614437408e-05
9.793195463642429e-08, 1.3194940474899661e-05
9.79986657771848e-08, 1.3156587140818656e-05
9.80653769179453e-08, 1.3118345287212863e-05
9.813208805870581e-08, 1.3080214590045366e-05
9.819879919946631e-08, 1.3042194726221093e-05
9.826551034022683e-08, 1.3004285373584128e-05
9.833222148098733e-08, 1.296648621091495e-05
9.839893262174784e-08, 1.2928796917927733e-05
9.846564376250834e-08, 1.2891217175267569e-05
9.853235490326885e-08, 1.2853746664507853e-05
9.859906604402936e-08, 1.281638506814753e-05
9.866577718478986e-08, 1.2779132069608426e-05
9.873248832555037e-08, 1.274198735323251e-05
9.879919946631089e-08, 1.2704950604279316e-05
9.88659106070714e-08, 1.2668021508923203e-05
9.89326217478319e-08, 1.2631199754250718e-05
9.899933288859239e-08, 1.259448502825796e-05
9.906604402935292e-08, 1.2557877019847884e-05
9.913275517011341e-08, 1.2521375418827733e-05
9.919946631087393e-08, 1.2484979915906368e-05
9.926617745163442e-08, 1.244869020269167e-05
9.933288859239495e-08, 1.2412505971687866e-05
9.939959973315545e-08, 1.2376426916293056e-05
9.946631087391594e-08, 1.2340452730796442e-05
9.953302201467646e-08, 1.2304583110375894e-05
9.959973315543697e-08, 1.2268817751095236e-05
9.966644429619748e-08, 1.223315634990181e-05
9.973315543695798e-08, 1.2197598604623762e-05
9.979986657771849e-08, 1.2162144213967604e-05
9.9866577718479e-08, 1.2126792877515549e-05
9.99332888592395e-08, 1.209154429572311e-05
1.0000000000000001e-07, 1.2056398169916391e-05
