0.0, 0.0
6.6711140760507e-11, 0.00037925868914295244
1.33422281521014e-10, 0.0007089049681351862
2.0013342228152106e-10, 0.0009951384564477448
2.66844563042028e-10, 0.0012431444077748116
3.33555703802535e-10, 0.0014573224573461514
4.002668445630421e-10, 0.0016414548445319226
4.669779853235491e-10, 0.0017988307858294841
5.33689126084056e-10, 0.0019323390829043769
6.004002668445631e-10, 0.002044537710788205
6.6711140760507e-10, 0.0021377067054230135
7.338225483655771e-10, 0.0022138889103345658
8.005336891260842e-10, 0.00227492186835482
8.672448298865912e-10, 0.002322463223647804
9.339559706470982e-10, 0.0023580113351441877
1.0006671114076052e-09, 0.002382922324327142
1.067378252168112e-09, 0.002398424436751664
1.1340893929286192e-09, 0.0024056303503429606
1.2008005336891262e-09, 0.0024055478872598898
1.2675116744496331e-09, 0.0023990894602454425
1.33422281521014e-09, 0.0023870804946756322
1.4009339559706472e-09, 0.0023702670036759234
1.4676450967311542e-09, 0.0023493224482896598
1.534356237491661e-09, 0.0023248539824290127
1.6010673782521684e-09, 0.0022974081593969916
1.6677785190126754e-09, 0.002267476160409324
1.7344896597731823e-09, 0.0022354985938226493
1.8012008005336893e-09, 0.002201869905309345
1.8679119412941964e-09, 0.002166942433032739
1.934623082054703e-09, 0.002131030137281494
2.0013342228152103e-09, 0.0020944120305361968
2.0680453635757174e-09, 0.0020573353312285324
2.134756504336224e-09, 0.0020200183622803526
2.2014676450967313e-09, 0.001982653213715902
2.2681787858572385e-09, 0.0019454081871152198
2.3348899266177452e-09, 0.00190843003834545
2.4016010673782524e-09, 0.0018718460338189619
2.4683122081387595e-09, 0.0018357658344487643
2.5350233488992662e-09, 0.0018002832204801504
2.6017344896597734e-09, 0.0017654776694577081
2.66844563042028e-09, 0.0017314157987286193
2.7351567711807873e-09, 0.0016981526830798501
2.8018679119412944e-09, 0.0016657330573534898
2.868579052701801e-09, 0.0016341924131777908
2.9352901934623083e-09, 0.001603557998288575
3.0020013342228155e-09, 0.0015738497262945152
3.068712474983322e-09, 0.0015450810041582365
3.1354236157438293e-09, 0.0015172594841214345
3.202134756504337e-09, 0.0014903877462944816
3.2688458972648436e-09, 0.0014644639176574323
3.3355570380253508e-09, 0.0014394822327783113
3.402268178785858e-09, 0.001415433541144194
3.4689793195463647e-09, 0.001392305765619278
3.535690460306872e-09, 0.0013700843161901027
3.6024016010673785e-09, 0.0013487524628297309
3.6691127418278857e-09, 0.0013282916710084052
3.735823882588393e-09, 0.00130868190309644
3.8025350233489e-09, 0.0012899018886443681
3.869246164109406e-09, 0.0012719293662842978
3.9359573048699135e-09, 0.0012547412997736176
4.002668445630421e-09, 0.001238314070496393
4.069379586390928e-09, 0.0012226236485478536
4.136090727151435e-09, 0.0012076457443520557
4.202801867911942e-09, 0.001193355942601137
4.269513008672448e-09, 0.0011797298201555609
4.3362241494329555e-09, 0.0011667430494073595
4.402935290193463e-09, 0.0011543714884819129
4.46964643095397e-09, 0.0011425912595372447
4.536357571714477e-09, 0.0011313788163126223
4.603068712474983e-09, 0.001120711001979533
4.6697798532354904e-09, 0.001110565098257365
4.7364909939959976e-09, 0.0011009188666726453
4.803202134756505e-09, 0.0010917505827639793
4.869913275517012e-09, 0.001083039063964339
4.936624416277519e-09, 0.001074763691827609
5.003335557038025e-09, 0.0010669044292068383
5.0700466977985325e-09, 0.0010594418329370953
5.13675783855904e-09, 0.0010523570625257492
5.203468979319547e-09, 0.0010456318853070985
5.270180120080054e-09, 0.0010392486784761767
5.33689126084056e-09, 0.0010331904283779948
5.403602401601067e-09, 0.001027440727393156
5.4703135423615745e-09, 0.0010219837687284465
5.537024683122082e-09, 0.001016804339391394
5.603735823882589e-09, 0.0010118878116007397
5.670446964643096e-09, 0.0010072201328600093
5.737158105403602e-09, 0.0010027878148987763
5.8038692461641095e-09, 0.0009985779216655588
5.870580386924617e-09, 0.0009945780565374636
5.937291527685124e-09, 0.0009907763488945028
6.004002668445631e-09, 0.0009871614401908673
6.070713809206137e-09, 0.000983722469641167
6.137424949966644e-09, 0.000980449059626686
6.2041360907271515e-09, 0.0009773313009148912
6.270847231487659e-09, 0.0009743597377747297
6.337558372248166e-09, 0.0009715253530604959
6.404269513008674e-09, 0.0009688195533282504
6.47098065376918e-09, 0.0009662341540407574
6.537691794529687e-09, 0.0009637613649096896
6.604402935290194e-09, 0.0009613937754172929
6.6711140760507016e-09, 0.0009591243405538144
6.737825216811209e-09, 0.0009569463668016665
6.804536357571716e-09, 0.0009548534983925058
6.871247498332222e-09, 0.000952839703859105
6.937958639092729e-09, 0.0009508992629000185
7.0046697798532365e-09, 0.0009490267535716033
7.071380920613744e-09, 0.0009472170398188258
7.138092061374251e-09, 0.0009454652593535631
7.204803202134757e-09, 0.0009437668118866269
7.271514342895264e-09, 0.0009421173477175643
7.338225483655771e-09, 0.0009405127566843719
7.4049366244162785e-09, 0.0009389491574735426
7.471647765176786e-09, 0.0009374228872893961
7.538358905937292e-09, 0.0009359304918803089
7.6050700466978e-09, 0.0009344687159183611
7.671781187458306e-09, 0.0009330344937278961
7.738492328218813e-09, 0.0009316249403576813
7.80520346897932e-09, 0.0009302373429906101
7.871914609739827e-09, 0.0009288691526843067
7.938625750500335e-09, 0.0009275179764354583
8.005336891260841e-09, 0.0009261815695603166
8.07204803202135e-09, 0.0009248578283834489
8.138759172781855e-09, 0.0009235447832265778
8.205470313542362e-09, 0.000922240591689138
8.27218145430287e-09, 0.0009209435322120476
8.338892595063376e-09, 0.0009196519979160955
8.405603735823884e-09, 0.0009183644907063108
8.47231487658439e-09, 0.0009170796156336711
8.539026017344897e-09, 0.0009157960755055367
8.605737158105405e-09, 0.0009145126657362597
8.672448298865911e-09, 0.0009132282694295123
8.739159439626419e-09, 0.0009119418526839767
8.805870580386925e-09, 0.0009106524601141759
8.872581721147432e-09, 0.0009093592105783734
8.93929286190794e-09, 0.0009080612931056313
9.006004002668446e-09, 0.0009067579630142756
9.072715143428954e-09, 0.0009054485382142264
9.13942628418946e-09, 0.0009041323956858071
9.206137424949967e-09, 0.000902808968127879
9.272848565710475e-09, 0.000901477740768311
9.339559706470981e-09, 0.0009001382483300316
9.406270847231489e-09, 0.0008987900721460928
9.472981987991995e-09, 0.0008974328374173863
9.539693128752503e-09, 0.0008960662106068761
9.60640426951301e-09, 0.0008946898969643849
9.673115410273516e-09, 0.0008933036381762076
9.739826551034024e-09, 0.0008919072101340099
9.80653769179453e-09, 0.0008905004208176674
9.873248832555038e-09, 0.0008890831082869081
9.939959973315544e-09, 0.0008876551387768055
1.000667111407605e-08, 0.0008862164048923552
1.0073382254836559e-08, 0.0008847668238975649
1.0140093395597065e-08, 0.0008833063360946489
1.0206804536357573e-08, 0.0008818349032891164
1.027351567711808e-08, 0.0008803525073366872
1.0340226817878586e-08, 0.0008788591487681607
1.0406937958639094e-08, 0.0008773548454885081
1.04736490993996e-08, 0.000875839631546615
1.0540360240160108e-08, 0.0008743135559722647
1.0607071380920614e-08, 0.0008727766816770796
1.067378252168112e-08, 0.0008712290844163053
1.0740493662441628e-08, 0.0008696708518084277
1.0807204803202135e-08, 0.0008681020824097738
1.0873915943962643e-08, 0.0008665228848413558
1.0940627084723149e-08, 0.0008649333769653467
1.1007338225483657e-08, 0.0008633336851086937
1.1074049366244163e-08, 0.0008617239433314899
1.114076050700467e-08, 0.000860104292737826
1.1207471647765178e-08, 0.0008584748808269653
1.1274182788525684e-08, 0.0008568358608827631
1.1340893929286192e-08, 0.0008551873913993671
1.1407605070046698e-08, 0.0008535296355413225
1.1474316210807205e-08, 0.0008518627606362841
1.1541027351567713e-08, 0.000850186937698642
1.1607738492328219e-08, 0.0008485023409824286
1.1674449633088727e-08, 0.0008468091475619681
1.1741160773849233e-08, 0.0008451075369387964
1.180787191460974e-08, 0.0008433976906734504
1.1874583055370248e-08, 0.000841679792040801
1.1941294196130754e-08, 0.0008399540257076583
1.2008005336891262e-08, 0.00083822057743145
1.2074716477651768e-08, 0.0008364796337788279
1.2141427618412274e-08, 0.0008347313818631159
1.2208138759172782e-08, 0.0008329760090995657
1.2274849899933289e-08, 0.0008312137029774403
1.2341561040693797e-08, 0.0008294446508479949
1.2408272181454303e-08, 0.0008276690397274673
1.2474983322214811e-08, 0.00082588705611424
1.2541694462975317e-08, 0.0008240988858193811
1.2608405603735824e-08, 0.0008223047138097988
1.2675116744496332e-08, 0.000820504724063299
1.2741827885256838e-08, 0.000818699099434868
1.2808539026017348e-08, 0.0008168880215335234
1.2875250166777854e-08, 0.0008150716706091368
1.294196130753836e-08, 0.0008132502254486361
1.3008672448298868e-08, 0.0008114238632810434
1.3075383589059375e-08, 0.0008095927596908296
1.3142094729819882e-08, 0.0008077570885390874
1.3208805870580389e-08, 0.0008059170218920589
1.3275517011340895e-08, 0.0008040727299565764
1.3342228152101403e-08, 0.000802224381021994
1.340893929286191e-08, 0.0008003721414082163
1.3475650433622417e-08, 0.0007985161754194509
1.3542361574382924e-08, 0.0007966566453033232
1.3609072715143432e-08, 0.0007947937112150273
1.3675783855903938e-08, 0.0007929275311861861
1.3742494996664444e-08, 0.0007910582610981274
1.3809206137424952e-08, 0.0007891860546592884
1.3875917278185459e-08, 0.0007873110633864835
1.3942628418945967e-08, 0.0007854334365897784
1.4009339559706473e-08, 0.0007835533213607335
1.407605070046698e-08, 0.0007816708625637927
1.4142761841227487e-08, 0.0007797862028305967
1.4209472981987994e-08, 0.0007778994825570311
1.4276184122748502e-08, 0.0007760108399028061
1.4342895263509008e-08, 0.000774120410793399
1.4409606404269514e-08, 0.0007722283289241849
1.4476317545030022e-08, 0.0007703347257665973
1.4543028685790528e-08, 0.0007684397305761693
1.4609739826551036e-08, 0.0007665434704023116
1.4676450967311543e-08, 0.000764646070099696
1.4743162108072049e-08, 0.0007627476523411177
1.4809873248832557e-08, 0.0007608483376317179
1.4876584389593063e-08, 0.0007589482443244559
1.494329553035357e-08, 0.0007570474886367238
1.501000667111408e-08, 0.0007551461846680105
1.5076717811874584e-08, 0.0007532444444185167
1.5143428952635092e-08, 0.000751342377808633
1.52101400933956e-08, 0.0007494400926992102
1.5276851234156105e-08, 0.0007475376949125285
1.5343562374916613e-08, 0.0007456352882539081
1.541027351567712e-08, 0.0007437329745338839
1.5476984656437625e-08, 0.0007418308535908873
1.5543695797198133e-08, 0.0007399290233143719
1.561040693795864e-08, 0.0007380275796683273
1.567711807871915e-08, 0.0007361266167151322
1.5743829219479654e-08, 0.0007342262266396963
1.5810540360240162e-08, 0.0007323264997738427
1.587725150100067e-08, 0.0007304275246208916
1.5943962641761174e-08, 0.0007285293878804081
1.6010673782521682e-08, 0.0007266321744730679
1.607738492328219e-08, 0.0007247359675656162
1.61440960640427e-08, 0.0007228408485958832
1.6210807204803203e-08, 0.0007209468972978242
1.627751834556371e-08, 0.0007190541917265619
1.634422948632422e-08, 0.000717162808283399
1.6410940627084724e-08, 0.000715272821740783
1.647765176784523e-08, 0.0007133843052671965
1.654436290860574e-08, 0.0007114973304519541
1.6611074049366244e-08, 0.0007096119673298874
1.6677785190126752e-08, 0.0007077282844059012
1.674449633088726e-08, 0.0007058463486793809
1.6811207471647768e-08, 0.0007039662256684426
1.6877918612408273e-08, 0.0007020879794340061
1.694462975316878e-08, 0.0007002116726036832
1.701134089392929e-08, 0.0006983373663954664
1.7078052034689793e-08, 0.0006964651206412102
1.71447631754503e-08, 0.0006945949938098938
1.721147431621081e-08, 0.0006927270430306598
1.7278185456971317e-08, 0.0006908613241156143
1.7344896597731822e-08, 0.0006889978915823923
1.741160773849233e-08, 0.000687136798676472
1.7478318879252838e-08, 0.0006852780973932384
1.7545030020013343e-08, 0.0006834218384997901
1.761174116077385e-08, 0.0006815680715564847
1.767845230153436e-08, 0.00067971684493822
1.7745163442294863e-08, 0.000677868205855447
1.781187458305537e-08, 0.0006760222003749123
1.787858572381588e-08, 0.0006741788734401297
1.7945296864576387e-08, 0.0006723382688915767
1.8012008005336892e-08, 0.0006705004294866155
1.80787191460974e-08, 0.0006686653969191381
1.8145430286857908e-08, 0.0006668332118389357
1.8212141427618412e-08, 0.0006650039138707908
1.827885256837892e-08, 0.0006631775416332912
1.834556370913943e-08, 0.0006613541327573704
1.8412274849899933e-08, 0.0006595337239045691
1.847898599066044e-08, 0.0006577163507850249
1.854569713142095e-08, 0.0006559020481751862
1.8612408272181457e-08, 0.0006540908499352541
1.8679119412941962e-08, 0.0006522827890263549
1.874583055370247e-08, 0.0006504778975274406
1.8812541694462978e-08, 0.0006486762066519248
1.8879252835223482e-08, 0.0006468777467640506
1.894596397598399e-08, 0.0006450825473949972
1.9012675116744498e-08, 0.0006432906372587251
1.9079386257505006e-08, 0.0006415020442675605
1.914609739826551e-08, 0.0006397167955475261
1.921280853902602e-08, 0.0006379349174534162
1.9279519679786527e-08, 0.0006361564355836221
1.934623082054703e-08, 0.0006343813747947068
1.941294196130754e-08, 0.0006326097592157362
1.9479653102068047e-08, 0.0006308416122623663
1.9546364242828552e-08, 0.00062907695665069
1.961307538358906e-08, 0.0006273158144108473
1.9679786524349568e-08, 0.0006255582069004007
1.9746497665110076e-08, 0.0006238041548174794
1.981320880587058e-08, 0.0006220536782136963
1.987991994663109e-08, 0.0006203067965068367
1.9946631087391597e-08, 0.0006185635284933286
2.00133422281521e-08, 0.0006168238923604903
2.008005336891261e-08, 0.0006150879056985643
2.0146764509673117e-08, 0.0006133555855125365
2.0213475650433625e-08, 0.0006116269482337457
2.028018679119413e-08, 0.0006099020097312865
2.0346897931954638e-08, 0.0006081807853232078
2.0413609072715146e-08, 0.0006064632897875098
2.048032021347565e-08, 0.0006047495373729444
2.054703135423616e-08, 0.0006030395418096198
2.0613742494996667e-08, 0.0006013333163194127
2.068045363575717e-08, 0.0005996308736261926
2.074716477651768e-08, 0.0005979322259658594
2.0813875917278187e-08, 0.0005962373850961982
2.0880587058038695e-08, 0.0005945463623065546
2.09472981987992e-08, 0.0005928591684273303
2.1014009339559708e-08, 0.0005911758138393089
2.1080720480320216e-08, 0.0005894963084828046
2.114743162108072e-08, 0.0005878206618666471
2.121414276184123e-08, 0.0005861488830769967
2.1280853902601736e-08, 0.0005844809807860001
2.134756504336224e-08, 0.0005828169632602818
2.141427618412275e-08, 0.0005811568383692807
2.1480987324883257e-08, 0.00057950061359343
2.1547698465643765e-08, 0.0005778482960321856
2.161440960640427e-08, 0.0005761998924119043
2.1681120747164778e-08, 0.0005745554090935742
2.1747831887925286e-08, 0.0005729148520804016
2.181454302868579e-08, 0.0005712782270252548
2.1881254169446298e-08, 0.0005696455392379675
2.1947965310206806e-08, 0.0005680167936925068
2.2014676450967314e-08, 0.0005663919950340048
2.208138759172782e-08, 0.0005647711475856579
2.2148098732488327e-08, 0.0005631542553554959
2.2214809873248835e-08, 0.0005615413220430233
2.228152101400934e-08, 0.0005599323510457354
2.2348232154769847e-08, 0.0005583273454655108
2.2414943295530355e-08, 0.0005567263081148807
2.248165443629086e-08, 0.0005551292415231841
2.2548365577051368e-08, 0.0005535361479425991
2.2615076717811876e-08, 0.0005519470293540667
2.2681787858572384e-08, 0.0005503618874730961
2.274849899933289e-08, 0.0005487807237554629
2.2815210140093397e-08, 0.0005472035394027964
2.2881921280853905e-08, 0.0005456303353680625
2.294863242161441e-08, 0.0005440611123609384
2.3015343562374917e-08, 0.0005424958708530888
2.3082054703135425e-08, 0.0005409346110833371
2.314876584389593e-08, 0.0005393773330627396
2.3215476984656438e-08, 0.0005378240365795628
2.3282188125416946e-08, 0.0005362747212041628
2.3348899266177454e-08, 0.0005347293862937742
2.341561040693796e-08, 0.0005331880309972033
2.3482321547698466e-08, 0.0005316506542594341
2.3549032688458974e-08, 0.0005301172548261449
2.361574382921948e-08, 0.0005285878312481351
2.3682454969979987e-08, 0.0005270623818856706
2.3749166110740495e-08, 0.0005255409049127435
2.3815877251501003e-08, 0.0005240233983212486
2.3882588392261508e-08, 0.0005225098599250806
2.3949299533022016e-08, 0.0005210002873641513
2.4016010673782524e-08, 0.0005194946781083296
2.4082721814543028e-08, 0.0005179930294613039
2.4149432955303536e-08, 0.000516495338564372
2.4216144096064044e-08, 0.0005150016024001542
2.428285523682455e-08, 0.0005135118177962378
2.4349566377585057e-08, 0.0005120259814287471
2.4416277518345565e-08, 0.0005105440898258475
2.4482988659106073e-08, 0.0005090661393711798
2.4549699799866577e-08, 0.000507592126307226
2.4616410940627085e-08, 0.0005061220467386134
2.4683122081387593e-08, 0.0005046558966353503
2.4749833222148098e-08, 0.0005031936718360013
2.4816544362908606e-08, 0.0005017353680507989
2.4883255503669114e-08, 0.0005002809808646961
2.4949966644429622e-08, 0.0004988305057403568
2.5016677785190127e-08, 0.0004973839380210908
2.5083388925950635e-08, 0.0004959412729337274
2.5150100066711143e-08, 0.000494502505591437
2.5216811207471647e-08, 0.0004930676309964948
2.5283522348232155e-08, 0.0004916366440429892
2.5350233488992663e-08, 0.0004902095395194812
2.5416944629753168e-08, 0.0004887863121116071
2.5483655770513676e-08, 0.00048736695640463223
2.5550366911274184e-08, 0.0004859514668859539
2.5617078052034695e-08, 0.00048453983794755626
2.56837891927952e-08, 0.00048313206388841446
2.5750500333555708e-08, 0.0004817281389168527
2.5817211474316216e-08, 0.0004803280571528572
2.588392261507672e-08, 0.0004789318126303397
2.595063375583723e-08, 0.0004775393992993606
2.6017344896597736e-08, 0.00047615081102830517
2.6084056037358244e-08, 0.00047476604160601676
2.615076717811875e-08, 0.0004733850847438901
2.6217478318879257e-08, 0.0004720079340779208
2.6284189459639765e-08, 0.0004706345831707139
2.635090060040027e-08, 0.0004692650255134554
2.6417611741160778e-08, 0.00046789925452784143
2.6484322881921286e-08, 0.00046653726356797056
2.655103402268179e-08, 0.0004651790459221987
2.6617745163442298e-08, 0.0004638245948149561
2.6684456304202806e-08, 0.0004624739034085289
2.6751167444963314e-08, 0.00046112696480480453
2.681787858572382e-08, 0.0004597837720469827
2.6884589726484327e-08, 0.00045844431812125207
2.6951300867244835e-08, 0.0004571085959584329
2.701801200800534e-08, 0.00045577659843558784
2.7084723148765847e-08, 0.000454448318377599
2.7151434289526355e-08, 0.0004531237485587151
2.7218145430286863e-08, 0.00045180288170406545
2.7284856571047368e-08, 0.0004504857104911457
2.7351567711807876e-08, 0.00044917222755127173
2.7418278852568384e-08, 0.00044786242547100596
2.748498999332889e-08, 0.0004465562967935537
2.7551701134089397e-08, 0.00044525383402013084
2.7618412274849905e-08, 0.0004439550296113065
2.768512341561041e-08, 0.00044265987598831545
2.7751834556370917e-08, 0.00044136836553434523
2.7818545697131425e-08, 0.00044008049059579817
2.7885256837891933e-08, 0.0004387962434835265
2.7951967978652438e-08, 0.0004375156164740412
2.8018679119412946e-08, 0.0004362386018107003
2.8085390260173454e-08, 0.00043496519170486893
2.815210140093396e-08, 0.00043369537833705667
2.8218812541694466e-08, 0.0004324291538580339
2.8285523682454974e-08, 0.00043116651038992273
2.8352234823215482e-08, 0.00042990744002726613
2.8418945963975987e-08, 0.0004286519348380762
2.8485657104736495e-08, 0.00042739998686486047
2.8552368245497003e-08, 0.0004261515881256265
2.8619079386257508e-08, 0.00042490673061486604
2.8685790527018016e-08, 0.0004236654063045201
2.8752501667778524e-08, 0.0004224276071449221
2.8819212808539028e-08, 0.00042119332506572314
2.8885923949299536e-08, 0.00041996255197679783
2.8952635090060044e-08, 0.0004187352797691303
2.9019346230820552e-08, 0.00041751150031568327
2.9086057371581057e-08, 0.00041629120547224865
2.9152768512341565e-08, 0.00041507438707827935
2.9219479653102073e-08, 0.0004138610369577053
2.9286190793862578e-08, 0.00041265114691973185
2.9352901934623086e-08, 0.00041144470875962094
2.9419613075383593e-08, 0.0004102417142594564
2.9486324216144098e-08, 0.0004090421551888939
2.9553035356904606e-08, 0.00040784602330589325
2.9619746497665114e-08, 0.00040665331035743743
2.9686457638425622e-08, 0.00040546400808023496
2.9753168779186127e-08, 0.00040427810820140833
2.981987991994664e-08, 0.00040309560243916655
2.988659106070714e-08, 0.0004019164825034658
2.995330220146765e-08, 0.0004007407400966535
3.002001334222816e-08, 0.00039956836691410033
3.0086724482988663e-08, 0.0003983993546448177
3.015343562374917e-08, 0.0003972336949720635
3.022014676450968e-08, 0.00039607137957393273
3.0286857905270184e-08, 0.0003949124001239379
3.035356904603069e-08, 0.0003937567482915748
3.04202801867912e-08, 0.0003926044157428772
3.0486991327551705e-08, 0.00039145539414095975
3.055370246831221e-08, 0.00039030967514654846
3.062041360907272e-08, 0.0003891672504185002
3.0687124749833225e-08, 0.0003880281116143098
3.075383589059373e-08, 0.0003868922503906087
3.082054703135424e-08, 0.00038575965840364915
3.0887258172114746e-08, 0.0003846303273097805
3.095396931287525e-08, 0.0003835042487659142
3.102068045363576e-08, 0.0003823814144299787
3.1087391594396266e-08, 0.00038126181596136345
3.115410273515678e-08, 0.00038014544502135416
3.122081387591728e-08, 0.0003790322932735583
3.128752501667779e-08, 0.0003779223523843205
3.13542361574383e-08, 0.00037681561402312875
3.14209472981988e-08, 0.0003757120698630125
3.148765843895931e-08, 0.0003746117115809305
3.155436957971982e-08, 0.00037351453085815076
3.1621080720480324e-08, 0.0003724205193806218
3.168779186124083e-08, 0.0003713296688393348
3.175450300200134e-08, 0.000370241970930679
3.1821214142761844e-08, 0.0003691574173567874
3.188792528352235e-08, 0.00036807599982587545
3.195463642428286e-08, 0.0003669977100525718
3.2021347565043365e-08, 0.0003659225397582415
3.208805870580387e-08, 0.0003648504806713013
3.215476984656438e-08, 0.0003637815245275283
3.2221480987324885e-08, 0.00036271566307036077
3.22881921280854e-08, 0.00036165288805119244
3.2354903268845895e-08, 0.00036059319122965996
3.2421614409606406e-08, 0.00035953656437392236
3.248832555036691e-08, 0.0003584829992609364
3.255503669112742e-08, 0.00035743248767672233
3.2621747831887927e-08, 0.00035638502141662544
3.268845897264844e-08, 0.00035534059228557106
3.2755170113408936e-08, 0.00035429919209831277
3.282188125416945e-08, 0.0003532608126796746
3.288859239492995e-08, 0.0003522254458647886
3.295530353569046e-08, 0.0003511930834993246
3.302201467645097e-08, 0.0003501637174397165
3.308872581721148e-08, 0.00034913733955338103
3.3155436957971984e-08, 0.00034811394171893286
3.322214809873249e-08, 0.00034709351582639275
3.328885923949299e-08, 0.0003460760537773916
3.3355570380253504e-08, 0.0003450615474853695
3.342228152101401e-08, 0.00034404998887576797
3.348899266177452e-08, 0.00034304136988621984
3.3555703802535025e-08, 0.0003420356824667331
3.3622414943295536e-08, 0.0003410329185798684
3.3689126084056034e-08, 0.0003400330702009156
3.3755837224816546e-08, 0.00033903612931806214
3.382254836557705e-08, 0.00033804208793255955
3.388925950633756e-08, 0.0003370509380588833
3.3955970647098066e-08, 0.00033606267172489124
3.402268178785858e-08, 0.00033507728097197467
3.408939292861908e-08, 0.0003340947578552079
3.415610406937959e-08, 0.0003331150944434923
3.42228152101401e-08, 0.00033213828281969686
3.42895263509006e-08, 0.00033116431508079533
3.4356237491661114e-08, 0.0003301931833379982
3.442294863242162e-08, 0.0003292248797168828
3.448965977318213e-08, 0.0003282593963575184
3.4556370913942635e-08, 0.00032729672541458813
3.462308205470314e-08, 0.0003263368590575075
3.4689793195463644e-08, 0.00032537978947054025
3.4756504336224155e-08, 0.0003244255088529082
3.482321547698466e-08, 0.0003234740094189017
3.488992661774517e-08, 0.00032252528339798335
3.4956637758505676e-08, 0.00032157932303489116
3.502334889926619e-08, 0.0003206361205897363
3.5090060040026685e-08, 0.0003196956683381
3.5156771180787197e-08, 0.00031875795857112593
3.52234823215477e-08, 0.0003178229835956105
3.529019346230821e-08, 0.0003168907357340897
3.535690460306872e-08, 0.00031596120732492396
3.542361574382923e-08, 0.00031503439072237926
3.5490326884589727e-08, 0.0003141102782967067
3.555703802535024e-08, 0.00031318886243421795
3.562374916611074e-08, 0.00031227013553735984
3.5690460306871254e-08, 0.0003113540900247851
3.575717144763176e-08, 0.0003104407183314216
3.582388258839227e-08, 0.0003095300129085381
3.5890593729152774e-08, 0.00030862196622380845
3.595730486991328e-08, 0.0003077165707613732
3.6024016010673784e-08, 0.00030681381902189953
3.6090727151434295e-08, 0.00030591370352263733
3.61574382921948e-08, 0.00030501621679747507
3.622414943295531e-08, 0.00030412135139699226
3.6290860573715816e-08, 0.0003032290998885101
3.635757171447633e-08, 0.00030233945485614005
3.6424282855236825e-08, 0.0003014524089008314
3.6490993995997336e-08, 0.00030056795464041464
3.655770513675784e-08, 0.0002996860847096451
3.662441627751835e-08, 0.0002988067917602435
3.669112741827886e-08, 0.00029793006846093556
3.675783855903937e-08, 0.00029705590749748813
3.6824549699799866e-08, 0.0002961843015727458
3.689126084056038e-08, 0.00029531524340666395
3.695797198132088e-08, 0.00029444872573634087
3.7024683122081393e-08, 0.00029358474131604864
3.70913942628419e-08, 0.00029272328291726096
3.715810540360241e-08, 0.00029186434332868083
3.7224816544362914e-08, 0.00029100791535626667
3.729152768512342e-08, 0.0002901539918232551
3.7358238825883923e-08, 0.0002893025655701847
3.7424949966644435e-08, 0.0002884536294549162
3.749166110740494e-08, 0.00028760717635265286
3.755837224816545e-08, 0.0002867631991559581
3.7625083388925955e-08, 0.0002859216907747734
3.7691794529686467e-08, 0.0002850826441364322
3.7758505670446965e-08, 0.00028424605218567607
3.7825216811207476e-08, 0.00028341190788466574
3.789192795196798e-08, 0.0002825802042129948
3.795863909272849e-08, 0.00028175093416769794
3.8025350233488997e-08, 0.0002809240907632622
3.809206137424951e-08, 0.0002800996670316338
3.815877251501001e-08, 0.0002792776560222254
3.822548365577052e-08, 0.0002784580508019219
3.829219479653102e-08, 0.00027764084445508545
3.835890593729153e-08, 0.00027682603008355846
3.842561707805204e-08, 0.0002760136008066663
3.849232821881255e-08, 0.00027520354976121904
3.8559039359573054e-08, 0.000274395870101512
3.8625750500333565e-08, 0.0002735905549993244
3.869246164109406e-08, 0.00027278759764391957
3.8759172781854574e-08, 0.0002719869912420407
3.882588392261508e-08, 0.0002711887290179087
3.889259506337559e-08, 0.00027039280421321734
3.8959306204136095e-08, 0.0002695992100871286
3.9026017344896606e-08, 0.00026880793991626627
3.9092728485657104e-08, 0.00026801898699470956
3.9159439626417616e-08, 0.00026723234463398477
3.922615076717812e-08, 0.00026644800616305744
3.929286190793863e-08, 0.00026566596492832274
3.9359573048699136e-08, 0.0002648862142935959
3.942628418945965e-08, 0.00026410874764010026
3.949299533022015e-08, 0.0002633335583664575
3.955970647098066e-08, 0.0002625606398886736
3.962641761174116e-08, 0.0002617899856401273
3.969312875250167e-08, 0.0002610215890715554
3.975983989326218e-08, 0.0002602554436510392
3.982655103402269e-08, 0.00025949154286398937
3.9893262174783193e-08, 0.00025872988021312984
3.9959973315543705e-08, 0.0002579704492184819
4.00266844563042e-08, 0.00025721324341734764
4.0093395597064714e-08, 0.0002564582563642921
4.016010673782522e-08, 0.0002557054816311255
4.022681787858573e-08, 0.00025495491280688433
4.0293529019346235e-08, 0.00025420654349781206
4.0360240160106746e-08, 0.0002534603673273406
4.042695130086725e-08, 0.00025271637793606823
4.0493662441627755e-08, 0.0002519745689817403
4.056037358238826e-08, 0.00025123493413922753
4.062708472314877e-08, 0.00025049746710050413
4.0693795863909276e-08, 0.00024976216157462564
4.076050700466979e-08, 0.0002490290112877063
4.082721814543029e-08, 0.00024829800998289584
4.08939292861908e-08, 0.0002475691514203558
4.09606404269513e-08, 0.000246842429377236
4.102735156771181e-08, 0.0002461178376476492
4.109406270847232e-08, 0.00024539537004264695
4.116077384923283e-08, 0.0002446750203901938
4.122748498999333e-08, 0.00024395678253514273
4.1294196130753844e-08, 0.00024324065033920722
4.136090727151434e-08, 0.00024252661768093671
4.1427618412274854e-08, 0.0002418146784556885
4.149432955303536e-08, 0.00024110482657560157
4.156104069379587e-08, 0.00024039705596956817
4.1627751834556374e-08, 0.00023969136058320706
4.1694462975316886e-08, 0.00023898773437883435
4.176117411607739e-08, 0.00023828617133543584
4.1827885256837895e-08, 0.00023758666544863744
4.18945963975984e-08, 0.00023688921073067719
4.196130753835891e-08, 0.0002361938012103747
4.2028018679119415e-08, 0.0002355004309331028
4.209472981987993e-08, 0.00023480909396075614
4.216144096064043e-08, 0.00023411978437172238
4.222815210140094e-08, 0.00023343249626085077
4.229486324216144e-08, 0.00023274722373942233
4.236157438292195e-08, 0.0002320639609351177
4.242828552368246e-08, 0.00023138270199198727
4.249499666444297e-08, 0.00023070344107041892
4.256170780520347e-08, 0.00023002617234710654
4.2628418945963984e-08, 0.0002293508900150182
4.269513008672448e-08, 0.00022867758828336448
4.276184122748499e-08, 0.00022800626137756548
4.28285523682455e-08, 0.0002273369035392187
4.289526350900601e-08, 0.00022666950902606653
4.2961974649766514e-08, 0.0002260040721119632
4.3028685790527025e-08, 0.00022534058708684152
4.309539693128753e-08, 0.00022467904825668045
4.3162108072048035e-08, 0.0002240194499434704
4.322881921280854e-08, 0.00022336178648518128
4.329553035356905e-08, 0.0002227060522357273
4.3362241494329555e-08, 0.00022205224156493424
4.3428952635090066e-08, 0.00022140034885850484
4.349566377585057e-08, 0.00022075036851798487
4.356237491661108e-08, 0.0002201022949607286
4.362908605737158e-08, 0.00021945612261986484
4.369579719813209e-08, 0.00021881184594426181
4.3762508338892596e-08, 0.00021816945939849325
4.382921947965311e-08, 0.00021752895746280257
4.389593062041361e-08, 0.000216890334633069
4.3962641761174124e-08, 0.00021625358542077188
4.402935290193463e-08, 0.0002156187043529561
4.409606404269513e-08, 0.00021498568597219596
4.416277518345564e-08, 0.00021435452483656132
4.422948632421615e-08, 0.00021372521551958067
4.4296197464976654e-08, 0.0002130977526102066
4.4362908605737165e-08, 0.00021247213071277977
4.442961974649767e-08, 0.00021184834444699368
4.449633088725818e-08, 0.00021122638844785834
4.456304202801868e-08, 0.0002106062573656653
4.462975316877919e-08, 0.0002099879458659506
4.4696464309539695e-08, 0.00020937144862946002
4.4763175450300206e-08, 0.00020875676035211235
4.482988659106071e-08, 0.00020814387574496351
4.489659773182122e-08, 0.00020753278953417032
4.496330887258172e-08, 0.00020692349646095486
4.503002001334223e-08, 0.0002063159912815674
4.5096731154102736e-08, 0.00020571026876725076
4.516344229486325e-08, 0.00020510632370420367
4.523015343562375e-08, 0.00020450415089354467
4.529686457638426e-08, 0.00020390374515127552
4.536357571714477e-08, 0.00020330510130824497
4.543028685790527e-08, 0.00020270821421011185
4.549699799866578e-08, 0.00020211307871730933
4.556370913942629e-08, 0.00020151968970500773
4.563042028018679e-08, 0.00020092804206307824
4.5697131420947304e-08, 0.00020033813069605648
4.576384256170781e-08, 0.00019974995052310582
4.583055370246832e-08, 0.00019916349647798042
4.589726484322882e-08, 0.00019857876350898963
4.596397598398933e-08, 0.00019799574657895997
4.6030687124749834e-08, 0.00019741444066519995
4.6097398265510346e-08, 0.0001968348407594622
4.616410940627085e-08, 0.0001962569418679077
4.623082054703136e-08, 0.00019568073901106873
4.629753168779186e-08, 0.00019510622722381215
4.636424282855237e-08, 0.0001945334015553031
4.6430953969312876e-08, 0.00019396225706896813
4.649766511007339e-08, 0.0001933927888424585
4.656437625083389e-08, 0.00019282499196761408
4.66310873915944e-08, 0.00019225886155042576
4.669779853235491e-08, 0.00019169439271099983
4.676450967311541e-08, 0.00019113158058352078
4.683122081387592e-08, 0.0001905704203162152
4.689793195463643e-08, 0.00019001090707131458
4.696464309539693e-08, 0.00018945303602501944
4.7031354236157444e-08, 0.00018889680236746243
4.709806537691795e-08, 0.00018834220130267183
4.716477651767846e-08, 0.00018778922804853508
4.723148765843896e-08, 0.00018723787783676287
4.729819879919947e-08, 0.00018668814591285172
4.7364909939959974e-08, 0.00018614002753604848
4.7431621080720485e-08, 0.0001855935179793134
4.749833222148099e-08, 0.00018504861252928407
4.75650433622415e-08, 0.00018450530648623896
4.7631754503002006e-08, 0.00018396359516406144
4.769846564376251e-08, 0.00018342347389020303
4.7765176784523015e-08, 0.0001828849380056479
4.7831887925283527e-08, 0.0001823479828648759
4.789859906604403e-08, 0.00018181260383582712
4.796531020680454e-08, 0.00018127879629986523
4.803202134756505e-08, 0.0001807465556517421
4.809873248832556e-08, 0.00018021587729956113
4.8165443629086057e-08, 0.00017968675666474166
4.823215476984657e-08, 0.00017915918918198306
4.829886591060707e-08, 0.00017863317029922859
4.8365577051367584e-08, 0.00017810869547762976
4.843228819212809e-08, 0.00017758576019151083
4.84989993328886e-08, 0.00017706435992833228
4.85657104736491e-08, 0.00017654449018865613
4.863242161440961e-08, 0.00017602614648610948
4.8699132755170114e-08, 0.0001755093243473493
4.8765843895930625e-08, 0.00017499401931202684
4.883255503669113e-08, 0.00017448022693275232
4.889926617745164e-08, 0.0001739679427750591
4.8965977318212146e-08, 0.0001734571624173687
4.903268845897265e-08, 0.00017294788145095523
4.9099399599733155e-08, 0.00017244009547991043
4.9166110740493666e-08, 0.00017193380012110778
4.923282188125417e-08, 0.00017142899100416848
4.929953302201468e-08, 0.00017092566377142503
4.936624416277519e-08, 0.00017042381407788746
4.94329553035357e-08, 0.00016992343759120732
4.9499666444296196e-08, 0.00016942452999164356
4.956637758505671e-08, 0.00016892708697202713
4.963308872581721e-08, 0.00016843110423772633
4.9699799866577723e-08, 0.00016793657750661231
4.976651100733823e-08, 0.00016744350250902422
4.983322214809874e-08, 0.00016695187498773443
4.9899933288859244e-08, 0.00016646169069791435
4.996664442961975e-08, 0.00016597294540709974
5.0033355570380253e-08, 0.00016548563489515624
5.0100066711140765e-08, 0.00016499975495424518
5.016677785190127e-08, 0.00016451530138878928
5.023348899266178e-08, 0.0001640322700154382
5.0300200133422285e-08, 0.0001635506566630348
5.0366911274182797e-08, 0.0001630704571725807
5.0433622414943295e-08, 0.00016259166739720238
5.0500333555703806e-08, 0.00016211428320211713
5.056704469646431e-08, 0.00016163830046459968
5.063375583722482e-08, 0.0001611637150739474
5.0700466977985327e-08, 0.00016069052293144783
5.076717811874584e-08, 0.00016021871995034368
5.0833889259506336e-08, 0.00015974830205580024
5.090060040026685e-08, 0.00015927926518487129
5.096731154102735e-08, 0.00015881160528646602
5.103402268178786e-08, 0.0001583453183213152
5.110073382254837e-08, 0.00015788040026193834
5.116744496330888e-08, 0.00015741684709261
5.123415610406939e-08, 0.00015695465480932683
5.130086724482989e-08, 0.00015649381941977458
5.13675783855904e-08, 0.0001560343369432947
5.1434289526350904e-08, 0.00015557620341085193
5.1501000667111416e-08, 0.00015511941486500078
5.156771180787192e-08, 0.0001546639673598531
5.163442294863243e-08, 0.00015420985696104516
5.1701134089392936e-08, 0.00015375707974570545
5.176784523015344e-08, 0.00015330563180242118
5.1834556370913946e-08, 0.0001528555092312068
5.190126751167446e-08, 0.00015240670814347057
5.196797865243496e-08, 0.00015195922466198307
5.203468979319547e-08, 0.00015151305492084414
5.210140093395598e-08, 0.00015106819506545123
5.216811207471649e-08, 0.00015062464125246676
5.223482321547699e-08, 0.0001501823896497867
5.23015343562375e-08, 0.0001497414364365078
5.2368245496998e-08, 0.00014930177780289632
5.2434956637758514e-08, 0.00014886340995035567
5.250166777851902e-08, 0.00014842632909139498
5.256837891927953e-08, 0.00014799053144959722
5.263509006004003e-08, 0.00014755601325958779
5.270180120080054e-08, 0.00014712277076700265
5.2768512341561044e-08, 0.00014669080022845711
5.2835223482321555e-08, 0.00014626009791151443
5.290193462308206e-08, 0.0001458306600946543
5.296864576384257e-08, 0.00014540248306724158
5.3035356904603076e-08, 0.0001449755631294957
5.310206804536358e-08, 0.00014454989659245875
5.3168779186124085e-08, 0.00014412547977796513
5.3235490326884596e-08, 0.00014370230901861013
5.33022014676451e-08, 0.00014328038065771937
5.336891260840561e-08, 0.0001428596910493179
5.343562374916612e-08, 0.00014244023655809966
5.350233488992663e-08, 0.00014202201355939647
5.3569046030687126e-08, 0.00014160501843914796
5.363575717144764e-08, 0.00014118924759387076
5.370246831220814e-08, 0.00014077469743062804
5.3769179452968654e-08, 0.0001403613643669995
5.383589059372916e-08, 0.00013994924483105105
5.390260173448967e-08, 0.0001395383352613042
5.3969312875250174e-08, 0.0001391286321067068
5.403602401601068e-08, 0.0001387201318266021
5.4102735156771184e-08, 0.00013831283089069945
5.4169446297531695e-08, 0.00013790672577904424
5.42361574382922e-08, 0.0001375018129819881
5.430286857905271e-08, 0.00013709808900015907
5.4369579719813216e-08, 0.0001366955503444324
5.443629086057373e-08, 0.00013629419353590038
5.4503002001334225e-08, 0.00013589401510584332
5.4569713142094736e-08, 0.00013549501159569987
5.463642428285524e-08, 0.0001350971795570381
5.470313542361575e-08, 0.00013470051555152562
5.476984656437626e-08, 0.0001343050161509011
5.483655770513677e-08, 0.00013391067793694456
5.4903268845897266e-08, 0.00013351749750144883
5.496997998665778e-08, 0.00013312547144619016
5.503669112741828e-08, 0.00013273459638289987
5.5103402268178793e-08, 0.00013234486893323502
5.51701134089393e-08, 0.00013195628572875023
5.523682454969981e-08, 0.00013156884341086847
5.5303535690460314e-08, 0.00013118253863085306
5.537024683122082e-08, 0.00013079736804977874
5.543695797198132e-08, 0.00013041332833850353
5.5503669112741835e-08, 0.0001300304161776401
5.557038025350234e-08, 0.00012964862825752806
5.563709139426285e-08, 0.00012926796127820517
5.5703802535023355e-08, 0.0001288884119493796
5.5770513675783866e-08, 0.0001285099769904017
5.5837224816544364e-08, 0.0001281326531302362
5.5903935957304876e-08, 0.00012775643710743418
5.597064709806538e-08, 0.00012738132567010545
5.603735823882589e-08, 0.00012700731557589056
5.6104069379586396e-08, 0.0001266344035919335
5.617078052034691e-08, 0.0001262625864948538
5.623749166110741e-08, 0.00012589186107071903
5.630420280186792e-08, 0.00012552222411501757
5.637091394262842e-08, 0.00012515367243263125
5.643762508338893e-08, 0.0001247862028378078
5.650433622414944e-08, 0.00012441981215413395
5.657104736490995e-08, 0.0001240544972145081
5.6637758505670454e-08, 0.00012369025486111334
5.6704469646430965e-08, 0.00012332708194539029
5.677118078719146e-08, 0.0001229649753280107
5.6837891927951974e-08, 0.00012260393187884987
5.690460306871248e-08, 0.0001222439484769606
5.697131420947299e-08, 0.00012188502201054591
5.7038025350233495e-08, 0.0001215271493769328
5.7104736490994006e-08, 0.00012117032748254556
5.7171447631754504e-08, 0.0001208145532428794
5.7238158772515015e-08, 0.00012045982358247387
5.730486991327552e-08, 0.00012010613543488685
5.737158105403603e-08, 0.00011975348574266784
5.7438292194796536e-08, 0.00011940187145733219
5.750500333555705e-08, 0.00011905128953933482
5.757171447631755e-08, 0.00011870173695804418
5.7638425617078057e-08, 0.00011835321069171634
5.770513675783856e-08, 0.00011800570772746918
5.777184789859907e-08, 0.00011765922506125623
5.783855903935958e-08, 0.00011731375969784149
5.790527018012009e-08, 0.00011696930865077308
5.797198132088059e-08, 0.0001166258689423583
5.8038692461641105e-08, 0.00011628343760363757
5.81054036024016e-08, 0.00011594201167435936
5.8172114743162114e-08, 0.00011560158820295454
5.823882588392262e-08, 0.00011526216424651128
5.830553702468313e-08, 0.0001149237368707495
5.8372248165443634e-08, 0.00011458630314999597
5.8438959306204146e-08, 0.00011424986016715919
5.8505670446964644e-08, 0.0001139144050137042
5.8572381587725155e-08, 0.00011357993478962771
5.863909272848566e-08, 0.00011324644660343328
5.870580386924617e-08, 0.00011291393757210628
5.8772515010006676e-08, 0.00011258240482108942
5.883922615076719e-08, 0.00011225184548425775
5.890593729152769e-08, 0.00011192225670389443
5.8972648432288196e-08, 0.00011159363563066576
5.90393595730487e-08, 0.0001112659794235971
5.910607071380921e-08, 0.00011093928525004821
5.917278185456972e-08, 0.00011061355028568897
5.923949299533023e-08, 0.00011028877171447512
5.930620413609073e-08, 0.00010996494672862412
5.9372915276851244e-08, 0.00010964207252859095
5.943962641761174e-08, 0.00010932014632304415
5.9506337558372253e-08, 0.00010899916532884166
5.957304869913276e-08, 0.00010867912677100691
5.963975983989328e-08, 0.00010836002788270514
5.970647098065377e-08, 0.0001080418659052196
5.977318212141429e-08, 0.00010772463808792753
5.983989326217478e-08, 0.00010740834168827687
5.99066044029353e-08, 0.00010709297397176244
5.99733155436958e-08, 0.00010677853221190248
6.004002668445632e-08, 0.00010646501369021516
6.010673782521682e-08, 0.00010615241569619549
6.017344896597733e-08, 0.00010584073552729145
6.024016010673782e-08, 0.0001055299704888813
6.030687124749834e-08, 0.00010522011789424988
6.037358238825885e-08, 0.00010491117506456599
6.044029352901936e-08, 0.00010460313932885888
6.050700466977986e-08, 0.00010429600802399569
6.057371581054037e-08, 0.00010398977849465807
6.064042695130087e-08, 0.00010368444809331982
6.070713809206138e-08, 0.00010338001418022368
6.077384923282189e-08, 0.00010307647412335874
6.08405603735824e-08, 0.0001027738252984379
6.09072715143429e-08, 0.00010247206508887518
6.097398265510341e-08, 0.00010217119088576312
6.104069379586391e-08, 0.0001018712000878505
6.110740493662442e-08, 0.00010157209010151957
6.117411607738493e-08, 0.00010127385834076431
6.124082721814544e-08, 0.00010097650222716756
6.130753835890594e-08, 0.00010068001918987912
6.137424949966645e-08, 0.00010038440666559345
6.144096064042695e-08, 0.00010008966209852796
6.150767178118746e-08, 9.97957829404004e-05
6.157438292194797e-08, 9.95027666504074e-05
6.164109406270848e-08, 9.921061069520229e-05
6.170780520346898e-08, 9.891931254887348e-05
6.177451634422949e-08, 9.862886969292243e-05
6.184122748499e-08, 9.833927961624232e-05
6.19079386257505e-08, 9.805053981509596e-05
6.197464976651101e-08, 9.776264779309465e-05
6.204136090727152e-08, 9.747560106117629e-05
6.210807204803202e-08, 9.718939713758419e-05
6.217478318879253e-08, 9.690403354784551e-05
6.224149432955304e-08, 9.661950782475012e-05
6.230820547031356e-08, 9.633581750832902e-05
6.237491661107405e-08, 9.605296014583358e-05
6.244162775183456e-08, 9.577093329171382e-05
6.250833889259506e-08, 9.548973450759793e-05
6.257505003335557e-08, 9.52093613622707e-05
6.264176117411609e-08, 9.492981143165306e-05
6.27084723148766e-08, 9.465108229878064e-05
6.27751834556371e-08, 9.437317155378353e-05
6.28418945963976e-08, 9.409607679386497e-05
6.29086057371581e-08, 9.381979562328089e-05
6.297531687791862e-08, 9.354432565331913e-05
6.304202801867913e-08, 9.326966450227907e-05
6.310873915943964e-08, 9.299580979545072e-05
6.317545030020014e-08, 9.272275916509461e-05
6.324216144096065e-08, 9.245051025042108e-05
6.330887258172115e-08, 9.21790606975701e-05
6.337558372248166e-08, 9.190840815959071e-05
6.344229486324217e-08, 9.163855029642128e-05
6.350900600400268e-08, 9.136948477486867e-05
6.357571714476318e-08, 9.110120926858867e-05
6.364242828552369e-08, 9.083372145806549e-05
6.370913942628419e-08, 9.056701903059209e-05
6.37758505670447e-08, 9.03010996802499e-05
6.384256170780521e-08, 9.003596110788932e-05
6.390927284856572e-08, 8.977160102110946e-05
6.397598398932622e-08, 8.950801713423873e-05
6.404269513008673e-08, 8.924520716831473e-05
6.410940627084724e-08, 8.898316885106505e-05
6.417611741160774e-08, 8.872189991688711e-05
6.424282855236825e-08, 8.846139810682914e-05
6.430953969312876e-08, 8.820166116857034e-05
6.437625083388926e-08, 8.794268685640158e-05
6.444296197464977e-08, 8.768447293120591e-05
6.450967311541028e-08, 8.742701716043936e-05
6.45763842561708e-08, 8.717031731811161e-05
6.464309539693129e-08, 8.69143711847668e-05
6.470980653769179e-08, 8.665917654746428e-05
6.477651767845231e-08, 8.640473119975955e-05
6.484322881921281e-08, 8.615103294168541e-05
6.490993995997332e-08, 8.589807957973269e-05
6.497665110073382e-08, 8.564586892683135e-05
6.504336224149435e-08, 8.539439880233172e-05
6.511007338225484e-08, 8.514366703198572e-05
6.517678452301534e-08, 8.489367144792786e-05
6.524349566377585e-08, 8.464440988865668e-05
6.531020680453636e-08, 8.439588019901606e-05
6.537691794529688e-08, 8.414808023017666e-05
6.544362908605737e-08, 8.390100783961727e-05
6.551034022681787e-08, 8.365466089110634e-05
6.55770513675784e-08, 8.340903725468354e-05
6.56437625083389e-08, 8.316413480664154e-05
6.57104736490994e-08, 8.291995142950728e-05
6.57771847898599e-08, 8.267648501202405e-05
6.584389593062043e-08, 8.243373344913305e-05
6.591060707138093e-08, 8.21916946419554e-05
6.597731821214142e-08, 8.195036649777371e-05
6.604402935290194e-08, 8.170974693001437e-05
6.611074049366245e-08, 8.14698338582292e-05
6.617745163442296e-08, 8.12306252080778e-05
6.624416277518346e-08, 8.099211891130936e-05
6.631087391594397e-08, 8.07543129057449e-05
6.637758505670448e-08, 8.051720513525946e-05
6.644429619746498e-08, 8.028079354976447e-05
6.651100733822549e-08, 8.004507610518983e-05
6.657771847898599e-08, 7.98100507634663e-05
6.664442961974651e-08, 7.957571549250793e-05
6.671114076050701e-08, 7.93420682661947e-05
6.677785190126752e-08, 7.910910706435462e-05
6.684456304202802e-08, 7.887682987274658e-05
6.691127418278853e-08, 7.864523468304285e-05
6.697798532354904e-08, 7.841431949281186e-05
6.704469646430954e-08, 7.818408230550064e-05
6.711140760507005e-08, 7.795452113041777e-05
6.717811874583056e-08, 7.772563398271612e-05
6.724482988659107e-08, 7.74974188833758e-05
6.731154102735157e-08, 7.726987385918691e-05
6.737825216811207e-08, 7.704299694273256e-05
6.744496330887259e-08, 7.68167861723719e-05
6.751167444963309e-08, 7.659123959222316e-05
6.75783855903936e-08, 7.636635525214676e-05
6.76450967311541e-08, 7.614213120772839e-05
6.771180787191463e-08, 7.591856552026224e-05
6.777851901267512e-08, 7.569565625673446e-05
6.784523015343562e-08, 7.547340148980614e-05
6.791194129419613e-08, 7.525179929779673e-05
6.797865243495664e-08, 7.503084776466757e-05
6.804536357571716e-08, 7.481054498000535e-05
6.811207471647765e-08, 7.45908890390054e-05
6.817878585723816e-08, 7.437187804245542e-05
6.824549699799868e-08, 7.415351009671887e-05
6.831220813875917e-08, 7.393578331371899e-05
6.837891927951969e-08, 7.3718695810922e-05
6.84456304202802e-08, 7.350224571132114e-05
6.851234156104071e-08, 7.328643114342047e-05
6.85790527018012e-08, 7.307125024121851e-05
6.864576384256172e-08, 7.285670114419223e-05
6.871247498332223e-08, 7.264278199728092e-05
6.877918612408273e-08, 7.242949095087034e-05
6.884589726484324e-08, 7.22168261607764e-05
6.891260840560374e-08, 7.200478578822955e-05
6.897931954636426e-08, 7.179336799985872e-05
6.904603068712476e-08, 7.158257096767553e-05
6.911274182788527e-08, 7.137239286905846e-05
6.917945296864577e-08, 7.116283188673714e-05
6.924616410940628e-08, 7.09538862087765e-05
6.931287525016679e-08, 7.074555402856149e-05
6.937958639092729e-08, 7.053783354478099e-05
6.94462975316878e-08, 7.033072296141255e-05
6.951300867244831e-08, 7.012422048770675e-05
6.957971981320882e-08, 6.991832433817182e-05
6.964643095396932e-08, 6.971303273255811e-05
6.971314209472982e-08, 6.950834389584271e-05
6.977985323549034e-08, 6.930425605821413e-05
6.984656437625084e-08, 6.910076745505717e-05
6.991327551701135e-08, 6.889787632693737e-05
6.997998665777185e-08, 6.869558091958595e-05
7.004669779853237e-08, 6.849387948388467e-05
7.011340893929287e-08, 6.829277027585078e-05
7.018012008005337e-08, 6.809225155662175e-05
7.024683122081388e-08, 6.789232159244037e-05
7.031354236157439e-08, 6.769297865463978e-05
7.03802535023349e-08, 6.749422101962849e-05
7.04469646430954e-08, 6.729604696887543e-05
7.05136757838559e-08, 6.709845478889525e-05
7.058038692461643e-08, 6.690144277123328e-05
7.064709806537692e-08, 6.670500921245111e-05
7.071380920613743e-08, 6.650915241411145e-05
7.078052034689793e-08, 6.631387068276376e-05
7.084723148765846e-08, 6.611916232992945e-05
7.091394262841896e-08, 6.592502567208742e-05
7.098065376917945e-08, 6.573145903065941e-05
7.104736490993996e-08, 6.553846073199542e-05
7.111407605070048e-08, 6.534602910735946e-05
7.118078719146099e-08, 6.515416249291498e-05
7.124749833222149e-08, 6.496285922971046e-05
7.1314209472982e-08, 6.477211766366517e-05
7.138092061374251e-08, 6.458193614555476e-05
7.1447631754503e-08, 6.439231303099723e-05
7.151434289526352e-08, 6.420324668043841e-05
7.158105403602401e-08, 6.401473545913797e-05
7.164776517678454e-08, 6.382677773715524e-05
7.171447631754504e-08, 6.363937188933522e-05
7.178118745830555e-08, 6.345251629529433e-05
7.184789859906605e-08, 6.326620933940664e-05
7.191460973982656e-08, 6.308044941078964e-05
7.198132088058707e-08, 6.289523490329064e-05
7.204803202134757e-08, 6.271056421547259e-05
7.211474316210808e-08, 6.252643575060035e-05
7.218145430286859e-08, 6.234284791662692e-05
7.22481654436291e-08, 6.215979912617974e-05
7.23148765843896e-08, 6.197728779654672e-05
7.23815877251501e-08, 6.179531234966283e-05
7.244829886591062e-08, 6.161387121209627e-05
7.251501000667112e-08, 6.143296281503505e-05
7.258172114743163e-08, 6.125258559427322e-05
7.264843228819213e-08, 6.107273799019748e-05
7.271514342895265e-08, 6.089341844777366e-05
7.278185456971315e-08, 6.071462541653339e-05
7.284856571047365e-08, 6.05363573505605e-05
7.291527685123416e-08, 6.035861270847774e-05
7.298198799199467e-08, 6.018138995343344e-05
7.304869913275518e-08, 6.0004687553088394e-05
7.311541027351568e-08, 5.9828503979602365e-05
7.318212141427618e-08, 5.9652837709620975e-05
7.32488325550367e-08, 5.9477687224262557e-05
7.33155436957972e-08, 5.930305100910505e-05
7.338225483655771e-08, 5.912892755417283e-05
7.344896597731821e-08, 5.895531535392372e-05
7.351567711807874e-08, 5.8782212907235896e-05
7.358238825883923e-08, 5.860961871739509e-05
7.364909939959973e-08, 5.843753129208139e-05
7.371581054036024e-08, 5.8265949143356526e-05
7.378252168112076e-08, 5.809487078765097e-05
7.384923282188127e-08, 5.792429474575107e-05
7.391594396264176e-08, 5.7754219542786324e-05
7.398265510340228e-08, 5.7584643708216575e-05
7.404936624416279e-08, 5.741556577581927e-05
7.411607738492328e-08, 5.724698428367692e-05
7.41827885256838e-08, 5.707889777416437e-05
7.42494996664443e-08, 5.6911304793936087e-05
7.431621080720482e-08, 5.674420389391377e-05
7.438292194796532e-08, 5.657759362927389e-05
7.444963308872583e-08, 5.6411472559434894e-05
7.451634422948633e-08, 5.624583924804501e-05
7.458305537024684e-08, 5.6080692262969705e-05
7.464976651100735e-08, 5.591603017627943e-05
7.471647765176785e-08, 5.575185156423712e-05
7.478318879252836e-08, 5.5588155007285975e-05
7.484989993328887e-08, 5.542493909003715e-05
7.491661107404938e-08, 5.526220240125761e-05
7.498332221480988e-08, 5.509994353385781e-05
7.505003335557038e-08, 5.4938161084879554e-05
7.51167444963309e-08, 5.477685365548389e-05
7.51834556370914e-08, 5.4616019850939144e-05
7.525016677785191e-08, 5.4455658280608584e-05
7.531687791861241e-08, 5.429576755793861e-05
7.538358905937293e-08, 5.413634630044667e-05
7.545030020013343e-08, 5.397739312970943e-05
7.551701134089393e-08, 5.381890667135067e-05
7.558372248165444e-08, 5.36608855550296e-05
7.565043362241495e-08, 5.350332841442874e-05
7.571714476317546e-08, 5.334623388724256e-05
7.578385590393596e-08, 5.318960061516519e-05
7.585056704469647e-08, 5.303342724387902e-05
7.591727818545698e-08, 5.287771242304278e-05
7.598398932621748e-08, 5.2722454806280156e-05
7.605070046697799e-08, 5.256765305116777e-05
7.611741160773849e-08, 5.24133058192239e-05
7.618412274849902e-08, 5.2259411775896654e-05
7.625083388925951e-08, 5.210596959055268e-05
7.631754503002002e-08, 5.195297793646544e-05
7.638425617078052e-08, 5.180043549080388e-05
7.645096731154103e-08, 5.16483409346209e-05
7.651767845230155e-08, 5.14966929528421e-05
7.658438959306204e-08, 5.1345490234254196e-05
7.665110073382255e-08, 5.119473147149387e-05
7.671781187458307e-08, 5.104441536103629e-05
7.678452301534358e-08, 5.0894540603184117e-05
7.685123415610408e-08, 5.0745105902055926e-05
7.691794529686457e-08, 5.0596109965575276e-05
7.69846564376251e-08, 5.0447551505459336e-05
7.70513675783856e-08, 5.0299429237207966e-05
7.711807871914611e-08, 5.01517418800924e-05
7.71847898599066e-08, 5.0004488157144316e-05
7.725150100066713e-08, 4.985766679514464e-05
7.731821214142763e-08, 4.971127652461281e-05
7.738492328218813e-08, 4.95653160797955e-05
7.745163442294864e-08, 4.941978419865585e-05
7.751834556370915e-08, 4.927467962286248e-05
7.758505670446966e-08, 4.9130001097778734e-05
7.765176784523016e-08, 4.898574737245162e-05
7.771847898599066e-08, 4.884191719960119e-05
7.778519012675118e-08, 4.869850933560965e-05
7.785190126751168e-08, 4.85555225405107e-05
7.791861240827219e-08, 4.841295557797866e-05
7.798532354903269e-08, 4.827080721531796e-05
7.805203468979321e-08, 4.812907622345228e-05
7.811874583055371e-08, 4.798776137691424e-05
7.818545697131421e-08, 4.78468614538344e-05
7.825216811207472e-08, 4.770637523593101e-05
7.831887925283523e-08, 4.756630150849931e-05
7.838559039359574e-08, 4.742663906040116e-05
7.845230153435624e-08, 4.728738668405443e-05
7.851901267511675e-08, 4.714854317542262e-05
7.858572381587726e-08, 4.701010733400447e-05
7.865243495663776e-08, 4.6872077962823624e-05
7.871914609739827e-08, 4.673445386841814e-05
7.878585723815877e-08, 4.6597233860830245e-05
7.88525683789193e-08, 4.646041675359605e-05
7.891927951967979e-08, 4.6324001363735424e-05
7.89859906604403e-08, 4.618798651174148e-05
7.90527018012008e-08, 4.6052371021570616e-05
7.911941294196131e-08, 4.591715372063219e-05
7.918612408272182e-08, 4.578233343977861e-05
7.925283522348232e-08, 4.564790901329488e-05
7.931954636424283e-08, 4.551387927888885e-05
7.938625750500335e-08, 4.538024307768092e-05
7.945296864576386e-08, 4.5246999254194275e-05
7.951967978652435e-08, 4.511414665634464e-05
7.958639092728485e-08, 4.4981684135430464e-05
7.965310206804538e-08, 4.484961054612292e-05
7.971981320880588e-08, 4.471792474645609e-05
7.978652434956639e-08, 4.458662559781701e-05
7.985323549032688e-08, 4.4455711964935826e-05
7.991994663108741e-08, 4.432518271587603e-05
7.998665777184791e-08, 4.4195036722024685e-05
8.00533689126084e-08, 4.406527285808256e-05
8.012008005336892e-08, 4.393589000205453e-05
8.018679119412943e-08, 4.3806887035239715e-05
8.025350233488994e-08, 4.367826284222208e-05
8.032021347565044e-08, 4.355001631086048e-05
8.038692461641095e-08, 4.3422146332279226e-05
8.045363575717146e-08, 4.329465180085843e-05
8.052034689793196e-08, 4.3167531614224506e-05
8.058705803869247e-08, 4.3040784673240624e-05
8.065376917945297e-08, 4.29144098819971e-05
8.072048032021349e-08, 4.2788406147802053e-05
8.078719146097399e-08, 4.266277238117197e-05
8.08539026017345e-08, 4.2537507495822136e-05
8.0920613742495e-08, 4.241261040865739e-05
8.098732488325551e-08, 4.22880800397626e-05
8.105403602401602e-08, 4.2163915312393624e-05
8.112074716477652e-08, 4.204011515296766e-05
8.118745830553703e-08, 4.19166784910541e-05
8.125416944629754e-08, 4.179360425936534e-05
8.132088058705805e-08, 4.16708913937475e-05
8.138759172781855e-08, 4.154853883317119e-05
8.145430286857905e-08, 4.142654551972237e-05
8.152101400933957e-08, 4.130491039859316e-05
8.158772515010007e-08, 4.118363241807288e-05
8.165443629086058e-08, 4.1062710529538723e-05
8.172114743162108e-08, 4.0942143687446803e-05
8.17878585723816e-08, 4.0821930849323126e-05
8.18545697131421e-08, 4.070207097575463e-05
8.19212808539026e-08, 4.058256303038005e-05
8.198799199466311e-08, 4.046340597988107e-05
8.205470313542362e-08, 4.0344598793973314e-05
8.212141427618414e-08, 4.022614044539757e-05
8.218812541694463e-08, 4.010802990991074e-05
8.225483655770513e-08, 3.999026616627709e-05
8.232154769846566e-08, 3.9872848196259336e-05
8.238825883922615e-08, 3.975577498461004e-05
8.245496997998667e-08, 3.963904551906256e-05
8.252168112074716e-08, 3.9522658790322464e-05
8.258839226150769e-08, 3.9406613792058746e-05
8.265510340226819e-08, 3.9290909520895215e-05
8.272181454302868e-08, 3.917554497640166e-05
8.27885256837892e-08, 3.906051916108533e-05
8.285523682454971e-08, 3.894583108038228e-05
8.292194796531022e-08, 3.8831479742648766e-05
8.298865910607072e-08, 3.871746415915261e-05
8.305537024683123e-08, 3.860378334406476e-05
8.312208138759174e-08, 3.849043631445067e-05
8.318879252835224e-08, 3.837742209026193e-05
8.325550366911275e-08, 3.826473969432761e-05
8.332221480987325e-08, 3.815238815234594e-05
8.338892595063377e-08, 3.8040366492875864e-05
8.345563709139427e-08, 3.7928673747328626e-05
8.352234823215478e-08, 3.78173089499594e-05
8.358905937291528e-08, 3.7706271137858904e-05
8.365577051367579e-08, 3.759555935094517e-05
8.37224816544363e-08, 3.748517263195514e-05
8.37891927951968e-08, 3.737511002643647e-05
8.385590393595731e-08, 3.726537058273917e-05
8.392261507671782e-08, 3.715595335200748e-05
8.398932621747833e-08, 3.704685738817171e-05
8.405603735823883e-08, 3.693808174793984e-05
8.412274849899933e-08, 3.682962549078959e-05
8.418945963975985e-08, 3.67214876789602e-05
8.425617078052035e-08, 3.661366737744429e-05
8.432288192128086e-08, 3.650616365397985e-05
8.438959306204136e-08, 3.6398975579042104e-05
8.445630420280189e-08, 3.629210222583548e-05
8.452301534356238e-08, 3.6185542670285756e-05
8.458972648432288e-08, 3.6079295991031806e-05
8.465643762508339e-08, 3.59733612694178e-05
8.47231487658439e-08, 3.586773758948522e-05
8.478985990660442e-08, 3.576242403796501e-05
8.485657104736491e-08, 3.565741970426957e-05
8.492328218812541e-08, 3.555272368048491e-05
8.498999332888594e-08, 3.544833506136285e-05
8.505670446964643e-08, 3.5344252944313165e-05
8.512341561040695e-08, 3.524047642939577e-05
8.519012675116744e-08, 3.513700461931294e-05
8.525683789192797e-08, 3.503383661940156e-05
8.532354903268847e-08, 3.4930971537625434e-05
8.539026017344896e-08, 3.4828408484567446e-05
8.545697131420949e-08, 3.472614657342202e-05
8.552368245496999e-08, 3.462418491998735e-05
8.55903935957305e-08, 3.45225226426578e-05
8.5657104736491e-08, 3.4421158862416265e-05
8.572381587725152e-08, 3.4320092702826545e-05
8.579052701801202e-08, 3.421932329002586e-05
8.585723815877252e-08, 3.4118849752717194e-05
8.592394929953303e-08, 3.4018671222161794e-05
8.599066044029354e-08, 3.391878683217164e-05
8.605737158105405e-08, 3.381919571910207e-05
8.612408272181455e-08, 3.371989702184411e-05
8.619079386257506e-08, 3.362088988181724e-05
8.625750500333557e-08, 3.352217344296177e-05
8.632421614409607e-08, 3.342374685173163e-05
8.639092728485658e-08, 3.332560925708684e-05
8.645763842561708e-08, 3.322775981048624e-05
8.65243495663776e-08, 3.3130197665880086e-05
8.65910607071381e-08, 3.303292197970283e-05
8.665777184789861e-08, 3.293593191086572e-05
8.672448298865911e-08, 3.2839226620749607e-05
8.679119412941962e-08, 3.274280527319759e-05
8.685790527018013e-08, 3.264666703450799e-05
8.692461641094063e-08, 3.2550811073426925e-05
8.699132755170114e-08, 3.2455236561141187e-05
8.705803869246165e-08, 3.2359942671271154e-05
8.712474983322216e-08, 3.226492857986356e-05
8.719146097398266e-08, 3.217019346538441e-05
8.725817211474316e-08, 3.207573650871184e-05
8.732488325550369e-08, 3.198155689312908e-05
8.739159439626418e-08, 3.18876538043174e-05
8.74583055370247e-08, 3.179402643034899e-05
8.752501667778519e-08, 3.170067396168003e-05
8.759172781854572e-08, 3.160759559114357e-05
8.765843895930622e-08, 3.151479051394276e-05
8.772515010006671e-08, 3.1422257927643705e-05
8.779186124082722e-08, 3.1329997032168575e-05
8.785857238158774e-08, 3.1238007029788645e-05
8.792528352234825e-08, 3.114628712511757e-05
8.799199466310875e-08, 3.1054836525104325e-05
8.805870580386926e-08, 3.096365443902639e-05
8.812541694462977e-08, 3.087274007848293e-05
8.819212808539027e-08, 3.078209265738808e-05
8.825883922615078e-08, 3.069171139196394e-05
8.832555036691128e-08, 3.060159550073396e-05
8.83922615076718e-08, 3.0511744204516086e-05
8.84589726484323e-08, 3.042215672641614e-05
8.852568378919281e-08, 3.0332832291821003e-05
8.859239492995331e-08, 3.0243770128391883e-05
8.865910607071382e-08, 3.0154969466057792e-05
8.872581721147433e-08, 3.006642953700876e-05
8.879252835223483e-08, 2.997814957568921e-05
8.885923949299534e-08, 2.9890128818791392e-05
8.892595063375585e-08, 2.98023665052487e-05
8.899266177451636e-08, 2.9714861876229244e-05
8.905937291527686e-08, 2.9627614175129082e-05
8.912608405603736e-08, 2.9540622647565843e-05
8.919279519679788e-08, 2.9453886541372097e-05
8.925950633755838e-08, 2.936740510658897e-05
8.932621747831889e-08, 2.9281177595459507e-05
8.939292861907939e-08, 2.9195203262422377e-05
8.945963975983991e-08, 2.9109481364105252e-05
8.952635090060041e-08, 2.9024011159318527e-05
8.959306204136091e-08, 2.893879190904883e-05
8.965977318212142e-08, 2.8853822876452646e-05
8.972648432288193e-08, 2.8769103326849926e-05
8.979319546364244e-08, 2.868463252771785e-05
8.985990660440294e-08, 2.860040974868432e-05
8.992661774516344e-08, 2.8516434261521744e-05
8.999332888592396e-08, 2.8432705340140734e-05
9.006004002668446e-08, 2.8349222260583845e-05
9.012675116744497e-08, 2.826598430101925e-05
9.019346230820547e-08, 2.8182990741734548e-05
9.0260173448966e-08, 2.8100240865130506e-05
9.03268845897265e-08, 2.801773395571499e-05
9.039359573048699e-08, 2.793546930009651e-05
9.04603068712475e-08, 2.7853446186978307e-05
9.052701801200802e-08, 2.7771663907152062e-05
9.059372915276853e-08, 2.769012175349186e-05
9.066044029352902e-08, 2.7608819020947973e-05
9.072715143428954e-08, 2.7527755006540834e-05
9.079386257505005e-08, 2.7446929009354916e-05
9.086057371581055e-08, 2.7366340330532743e-05
9.092728485657106e-08, 2.728598827326876e-05
9.099399599733155e-08, 2.7205872142803338e-05
9.106070713809208e-08, 2.7125991246416778e-05
9.112741827885258e-08, 2.7046344893423382e-05
9.119412941961309e-08, 2.6966932395165334e-05
9.126084056037359e-08, 2.6887753065006873e-05
9.13275517011341e-08, 2.6808806218328298e-05
9.139426284189461e-08, 2.6730091172520078e-05
9.146097398265511e-08, 2.665160724697691e-05
9.152768512341562e-08, 2.657335376309189e-05
9.159439626417613e-08, 2.649533004425056e-05
9.166110740493664e-08, 2.6417535415825196e-05
9.172781854569714e-08, 2.6339969205168833e-05
9.179452968645764e-08, 2.6262630741609513e-05
9.186124082721816e-08, 2.618551935644446e-05
9.192795196797866e-08, 2.6108634382934406e-05
9.199466310873917e-08, 2.6031975156297632e-05
9.206137424949967e-08, 2.5955541013704398e-05
9.21280853902602e-08, 2.587933129427107e-05
9.219479653102069e-08, 2.5803345339054567e-05
9.226150767178119e-08, 2.572758249104651e-05
9.23282188125417e-08, 2.5652042095167617e-05
9.239492995330221e-08, 2.5576723498262023e-05
9.246164109406272e-08, 2.5501626049091645e-05
9.252835223482322e-08, 2.5426749098330536e-05
9.259506337558372e-08, 2.535209199855927e-05
9.266177451634424e-08, 2.5277654104259335e-05
9.272848565710474e-08, 2.5203434771807636e-05
9.279519679786525e-08, 2.5129433359470778e-05
9.286190793862575e-08, 2.5055649227399644e-05
9.292861907938628e-08, 2.4982081737623793e-05
9.299533022014677e-08, 2.490873025404601e-05
9.306204136090727e-08, 2.4835594142436735e-05
9.312875250166778e-08, 2.4762672770428595e-05
9.31954636424283e-08, 2.468996550751098e-05
9.32621747831888e-08, 2.4617471725024556e-05
9.33288859239493e-08, 2.4545190796155835e-05
9.339559706470982e-08, 2.447312209593173e-05
9.346230820547033e-08, 2.4401265001214202e-05
9.352901934623082e-08, 2.4329618890694874e-05
9.359573048699134e-08, 2.4258183144889584e-05
9.366244162775183e-08, 2.418695714613309e-05
9.372915276851236e-08, 2.41159402785737e-05
9.379586390927286e-08, 2.404513192816803e-05
9.386257505003337e-08, 2.397453148267556e-05
9.392928619079387e-08, 2.3904138331653424e-05
9.399599733155439e-08, 2.3833951866451125e-05
9.406270847231489e-08, 2.3763971480205264e-05
9.412941961307539e-08, 2.3694196567834276e-05
9.41961307538359e-08, 2.3624626526033236e-05
9.426284189459641e-08, 2.355526075326858e-05
9.432955303535692e-08, 2.348609864977303e-05
9.439626417611742e-08, 2.3417139617540236e-05
9.446297531687792e-08, 2.334838306031973e-05
9.452968645763844e-08, 2.3279828383611705e-05
9.459639759839894e-08, 2.3211474994661962e-05
9.466310873915945e-08, 2.3143322302456674e-05
9.472981987991995e-08, 2.307536971771734e-05
9.479653102068047e-08, 2.300761665289567e-05
9.486324216144097e-08, 2.2940062522168528e-05
9.492995330220147e-08, 2.287270674143284e-05
9.499666444296198e-08, 2.2805548728300556e-05
9.506337558372249e-08, 2.2738587902093593e-05
9.5130086724483e-08, 2.2671823683838895e-05
9.51967978652435e-08, 2.2605255496263304e-05
9.526350900600401e-08, 2.253888276378864e-05
9.533022014676452e-08, 2.2472704912526724e-05
9.539693128752502e-08, 2.240672137027443e-05
9.546364242828553e-08, 2.2340931566508682e-05
9.553035356904603e-08, 2.227533493238155e-05
9.559706470980656e-08, 2.220993090071536e-05
9.566377585056705e-08, 2.2144718905997747e-05
9.573048699132756e-08, 2.207969838437678e-05
9.579719813208806e-08, 2.201486877365611e-05
9.586390927284857e-08, 2.1950229513290048e-05
9.593062041360909e-08, 2.188578004437882e-05
9.599733155436958e-08, 2.182151980966363e-05
9.60640426951301e-08, 2.1757448253521875e-05
9.61307538358906e-08, 2.1693564821962368e-05
9.619746497665112e-08, 2.162986896262057e-05
9.626417611741162e-08, 2.1566360124753704e-05
9.633088725817211e-08, 2.1503037759236107e-05
9.639759839893264e-08, 2.1439901318554425e-05
9.646430953969314e-08, 2.1376950256802892e-05
9.653102068045365e-08, 2.1314184029678625e-05
9.659773182121414e-08, 2.1251602094476886e-05
9.666444296197467e-08, 2.1189203910086393e-05
9.673115410273517e-08, 2.1126988936984716e-05
9.679786524349567e-08, 2.1064956637233493e-05
9.686457638425618e-08, 2.1003106474473852e-05
9.693128752501669e-08, 2.094143791392175e-05
9.69979986657772e-08, 2.0879950422363394e-05
9.70647098065377e-08, 2.0818643468150565e-05
9.71314209472982e-08, 2.075751652119604e-05
9.719813208805872e-08, 2.0696569052969035e-05
9.726484322881922e-08, 2.0635800536490624e-05
9.733155436957973e-08, 2.0575210446329165e-05
9.739826551034023e-08, 2.051479825859577e-05
9.746497665110075e-08, 2.0454563450939773e-05
9.753168779186125e-08, 2.039450550254424e-05
9.759839893262175e-08, 2.0334623894121413e-05
9.766511007338226e-08, 2.0274918107908254e-05
9.773182121414277e-08, 2.021538762766195e-05
9.779853235490328e-08, 2.0156031938655498e-05
9.786524349566378e-08, 2.0096850527673195e-05
9.793195463642429e-08, 2.003784288300621e-05
9.79986657771848e-08, 1.9979008494448176e-05
9.80653769179453e-08, 1.992034685329082e-05
9.813208805870581e-08, 1.9861857452319456e-05
9.819879919946631e-08, 1.9803539785808726e-05
9.826551034022683e-08, 1.9745393349518066e-05
9.833222148098733e-08, 1.968741764068757e-05
9.839893262174784e-08, 1.962961215803344e-05
9.846564376250834e-08, 1.9571976401743742e-05
9.853235490326885e-08, 1.9514509873474055e-05
9.859906604402936e-08, 1.9457212076343242e-05
9.866577718478986e-08, 1.940008251492903e-05
9.873248832555037e-08, 1.9343120695263795e-05
9.879919946631089e-08, 1.9286326124830288e-05
9.88659106070714e-08, 1.9229698312557405e-05
9.89326217478319e-08, 1.9173236768815858e-05
9.899933288859239e-08, 1.9116941005414006e-05
9.906604402935292e-08, 1.9060810535593643e-05
9.913275517011341e-08, 1.900484487402573e-05
9.919946631087393e-08, 1.8949043536806245e-05
9.926617745163442e-08, 1.8893406041452e-05
9.933288859239495e-08, 1.8837931906896428e-05
9.939959973315545e-08, 1.8782620653485502e-05
9.946631087391594e-08, 1.8727471802973492e-05
9.953302201467646e-08, 1.8672484878518894e-05
9.959973315543697e-08, 1.8617659404680268e-05
9.966644429619748e-08, 1.8562994907412185e-05
9.973315543695798e-08, 1.8508490914061087e-05
9.979986657771849e-08, 1.8454146953361155e-05
9.9866577718479e-08, 1.8399962555430335e-05
9.99332888592395e-08, 1.8345937251766206e-05
1.0000000000000001e-07, 1.8292070575241937e-05
