0.0, 0.0
6.6711140760507e-11, 0.00012480173201957794
1.33422281521014e-10, 0.0002323850480272148
2.0013342228152106e-10, 0.000324985420012988
2.66844563042028e-10, 0.0004044690657279443
3.33555703802535e-10, 0.00047241601206450616
4.002668445630421e-10, 0.000530181063891164
4.669779853235491e-10, 0.0005789388435157621
5.33689126084056e-10, 0.0006197173413594425
6.004002668445631e-10, 0.0006534231719244758
6.6711140760507e-10, 0.0006808608295636416
7.338225483655771e-10, 0.0007027475903906796
8.005336891260842e-10, 0.0007197252404343214
8.672448298865912e-10, 0.0007323694753562409
9.339559706470982e-10, 0.000741197577099848
1.0006671114076052e-09, 0.0007466748011717903
1.067378252168112e-09, 0.0007492197856772622
1.1340893929286192e-09, 0.00074920920585987
1.2008005336891262e-09, 0.0007469818357304889
1.2675116744496331e-09, 0.0007428421342036131
1.33422281521014e-09, 0.0007370634418181736
1.4009339559706472e-09, 0.0007298908518918414
1.4676450967311542e-09, 0.0007215438041888809
1.534356237491661e-09, 0.0007122184379777643
1.6010673782521684e-09, 0.0007020897333683747
1.6677785190126754e-09, 0.0006913134640935543
1.7344896597731823e-09, 0.0006800279807600771
1.8012008005336893e-09, 0.000668355840563386
1.8679119412941964e-09, 0.0006564052972043311
1.934623082054703e-09, 0.0006442716630309244
2.0013342228152103e-09, 0.0006320385540911614
2.0680453635757174e-09, 0.0006197790277116117
2.134756504336224e-09, 0.0006075566213330832
2.2014676450967313e-09, 0.0005954263005860188
2.2681787858572385e-09, 0.0005834353239380329
2.3348899266177452e-09, 0.0005716240306694417
2.4016010673782524e-09, 0.0005600265584130569
2.4683122081387595e-09, 0.0005486714960205378
2.5350233488992662e-09, 0.0005375824770815022
2.6017344896597734e-09, 0.000526778719018084
2.66844563042028e-09, 0.0005162755123029207
2.7351567711807873e-09, 0.0005060846639999726
2.8018679119412944e-09, 0.0004962148995030433
2.868579052701801e-09, 0.00048667222604473046
2.9352901934623083e-09, 0.00047746026126740666
3.0020013342228155e-09, 0.0004685805298864473
3.068712474983322e-09, 0.0004600327312331901
3.1354236157438293e-09, 0.00045181498023988864
3.202134756504337e-09, 0.00044392402422024246
3.2688458972648436e-09, 0.0004363554376058994
3.3355570380253508e-09, 0.0004291037966207109
3.402268178785858e-09, 0.0004221628357095069
3.4689793195463647e-09, 0.0004155255873858936
3.535690460306872e-09, 0.0004091845070231633
3.6024016010673785e-09, 0.0004031315839830494
3.6691127418278857e-09, 0.0003973584403579737
3.735823882588393e-09, 0.0003918564184928721
3.8025350233489e-09, 0.00038661665835195525
3.869246164109406e-09, 0.0003816301657032173
3.9359573048699135e-09, 0.0003768878720085066
4.002668445630421e-09, 0.00037238068682896985
4.069379586390928e-09, 0.0003680995434841168
4.136090727151435e-09, 0.0003640354386371345
4.202801867911942e-09, 0.0003601794664189403
4.269513008672448e-09, 0.00035652284764836595
4.3362241494329555e-09, 0.0003530569546554142
4.402935290193463e-09, 0.00034977333216834627
4.46964643095397e-09, 0.0003466637146831099
4.536357571714477e-09, 0.00034372004069496833
4.603068712474983e-09, 0.00034093446413686846
4.6697798532354904e-09, 0.00033829936333680327
4.7364909939959976e-09, 0.0003358073477769349
4.803202134756505e-09, 0.000333451262910327
4.869913275517012e-09, 0.0003312241932665649
4.936624416277519e-09, 0.0003291194640551321
5.003335557038025e-09, 0.0003271306414549802
5.0700466977985325e-09, 0.0003252515317601074
5.13675783855904e-09, 0.0003234761795340049
5.203468979319547e-09, 0.00032179886491039004
5.270180120080054e-09, 0.0003202141001635979
5.33689126084056e-09, 0.0003187166256592347
5.403602401601067e-09, 0.00031730140528408665
5.4703135423615745e-09, 0.00031596362144373745
5.537024683122082e-09, 0.0003146986697067862
5.603735823882589e-09, 0.0003135021531658774
5.670446964643096e-09, 0.0003123698765778957
5.737158105403602e-09, 0.00031129784033856337
5.8038692461641095e-09, 0.00031028223434023065
5.870580386924617e-09, 0.0003093194317558372
5.937291527685124e-09, 0.0003084059827867604
6.004002668445631e-09, 0.00030753860840752607
6.070713809206137e-09, 0.0003067141941360863
6.137424949966644e-09, 0.00030592978385451984
6.2041360907271515e-09, 0.00030518257370155597
6.270847231487659e-09, 0.000304469906055217
6.337558372248166e-09, 0.00030378926362109533
6.404269513008674e-09, 0.00030313826363928726
6.47098065376918e-09, 0.00030251465222078566
6.537691794529687e-09, 0.0003019162988221452
6.604402935290194e-09, 0.0003013411908654723
6.6711140760507016e-09, 0.0003007874285092211
6.737825216811209e-09, 0.00030025321957389124
6.804536357571716e-09, 0.0002997368746254941
6.871247498332222e-09, 0.00029923680221857584
6.937958639092729e-09, 0.00029875150429963795
7.0046697798532365e-09, 0.0002982795717709656
7.071380920613744e-09, 0.00029781968021415746
7.138092061374251e-09, 0.0002973705857720201
7.204803202134757e-09, 0.00029693112118696124
7.271514342895264e-09, 0.0002965001919935479
7.338225483655771e-09, 0.00029607677286251546
7.4049366244162785e-09, 0.0002956599040931793
7.471647765176786e-09, 0.0002952486882509375
7.538358905937292e-09, 0.00029484228694632414
7.6050700466978e-09, 0.0002944399177519072
7.671781187458306e-09, 0.0002940408512531771
7.738492328218813e-09, 0.00029364440822947873
7.80520346897932e-09, 0.0002932499569609651
7.871914609739827e-09, 0.0002928569106575064
7.938625750500335e-09, 0.00029246472500546976
8.005336891260841e-09, 0.00029207289582828676
8.07204803202135e-09, 0.0002916809568567406
8.138759172781855e-09, 0.00029128847760494464
8.205470313542362e-09, 0.00029089506134802865
8.27218145430287e-09, 0.0002905003431976088
8.338892595063376e-09, 0.0002901039882711899
8.405603735823884e-09, 0.0002897056899517214
8.47231487658439e-09, 0.00028930516823361786
8.539026017344897e-09, 0.0002889021681516403
8.605737158105405e-09, 0.00028849645828913137
8.672448298865911e-09, 0.00028808782936219597
8.739159439626419e-09, 0.0002876760928765155
8.805870580386925e-09, 0.0002872610798535911
8.872581721147432e-09, 0.0002868426396233084
8.93929286190794e-09, 0.0002864206386798264
9.006004002668446e-09, 0.0002859949595978912
9.072715143428954e-09, 0.0002855655000067806
9.13942628418946e-09, 0.00028513217161918924
9.206137424949967e-09, 0.0002846948993124611
9.272848565710475e-09, 0.0002842536202596802
9.339559706470981e-09, 0.0002838082831082239
9.406270847231489e-09, 0.00028335884720348135
9.472981987991995e-09, 0.00028290528185553253
9.539693128752503e-09, 0.0002824475656466741
9.60640426951301e-09, 0.0002819856857777692
9.673115410273516e-09, 0.00028151963745148037
9.739826551034024e-09, 0.00028104942329053393
9.80653769179453e-09, 0.0002805750527892429
9.873248832555038e-09, 0.00028009654179659177
9.939959973315544e-09, 0.0002796139120292686
1.000667111407605e-08, 0.0002791271906130967
1.0073382254836559e-08, 0.0002786364096513947
1.0140093395597065e-08, 0.00027814160581885654
1.0206804536357573e-08, 0.0002776428199796148
1.027351567711808e-08, 0.0002771400968282077
1.0340226817878586e-08, 0.00027663348455223686
1.0406937958639094e-08, 0.000276123034515554
1.04736490993996e-08, 0.00027560880096088
1.0540360240160108e-08, 0.000275090840730804
1.0607071380920614e-08, 0.0002745692130061679
1.067378252168112e-08, 0.00027404397906088805
1.0740493662441628e-08, 0.0002735152020323143
1.0807204803202135e-08, 0.00027298294670627073
1.0873915943962643e-08, 0.000272447279315964
1.0940627084723149e-08, 0.00027190826735399226
1.1007338225483657e-08, 0.0002713659793967172
1.1074049366244163e-08, 0.00027082048494030873
1.114076050700467e-08, 0.0002702718542478021
1.1207471647765178e-08, 0.00026972015820654166
1.1274182788525684e-08, 0.0002691654681954208
1.1340893929286192e-08, 0.00026860785596135504
1.1407605070046698e-08, 0.0002680473935044578
1.1474316210807205e-08, 0.0002674841529714135
1.1541027351567713e-08, 0.00026691820655657165
1.1607738492328219e-08, 0.000266349626410311
1.1674449633088727e-08, 0.00026577848455424324
1.1741160773849233e-08, 0.0002652048528028551
1.180787191460974e-08, 0.00026462880269120364
1.1874583055370248e-08, 0.0002640504054083028
1.1941294196130754e-08, 0.00026346973173585963
1.2008005336891262e-08, 0.00026288685199203594
1.2074716477651768e-08, 0.00026230183597992867
1.2141427618412274e-08, 0.00026171475294048136
1.2208138759172782e-08, 0.000261125671509551
1.2274849899933289e-08, 0.00026053465967887536
1.2341561040693797e-08, 0.00025994178476069406
1.2408272181454303e-08, 0.00025934711335579507
1.2474983322214811e-08, 0.00025875071132476946
1.2541694462975317e-08, 0.00025815264376226744
1.2608405603735824e-08, 0.00025755297497406576
1.2675116744496332e-08, 0.00025695176845676074
1.2741827885256838e-08, 0.0002563490868799166
1.2808539026017348e-08, 0.0002557449920705077
1.2875250166777854e-08, 0.0002551395449994988
1.294196130753836e-08, 0.00025453280577042306
1.3008672448298868e-08, 0.00025392483360981994
1.3075383589059375e-08, 0.00025331568685940507
1.3142094729819882e-08, 0.0002527054229698533
1.3208805870580389e-08, 0.00025209409849607936
1.3275517011340895e-08, 0.0002514817690939124
1.3342228152101403e-08, 0.00025086848951806097
1.340893929286191e-08, 0.0002502543136212772
1.3475650433622417e-08, 0.00024963929435462895
1.3542361574382924e-08, 0.0002490234837687981
1.3609072715143432e-08, 0.00024840693301632566
1.3675783855903938e-08, 0.00024778969235473127
1.3742494996664444e-08, 0.00024717181115043623
1.3809206137424952e-08, 0.00024655333788342734
1.3875917278185459e-08, 0.0002459343201525983
1.3942628418945967e-08, 0.00024531480468171384
1.4009339559706473e-08, 0.0002446948373259409
1.407605070046698e-08, 0.0002440744630788982
1.4142761841227487e-08, 0.00024345372608017605
1.4209472981987994e-08, 0.0002428326696232838
1.4276184122748502e-08, 0.00024221133616398138
1.4342895263509008e-08, 0.00024158976732895808
1.4409606404269514e-08, 0.0002409680039248227
1.4476317545030022e-08, 0.00024034608594736934
1.4543028685790528e-08, 0.0002397240525910894
1.4609739826551036e-08, 0.00023910194225889927
1.4676450967311543e-08, 0.00023847979257205577
1.4743162108072049e-08, 0.00023785764038023504
1.4809873248832557e-08, 0.00023723552177175005
1.4876584389593063e-08, 0.00023661347208388454
1.494329553035357e-08, 0.00023599152591332256
1.501000667111408e-08, 0.00023536971712665496
1.5076717811874584e-08, 0.00023474807887094448
1.5143428952635092e-08, 0.00023412664358433245
1.52101400933956e-08, 0.00023350544300667275
1.5276851234156105e-08, 0.0002328845081901775
1.5343562374916613e-08, 0.00023226386951006223
1.541027351567712e-08, 0.00023164355667517762
1.5476984656437625e-08, 0.00023102359873861756
1.5543695797198133e-08, 0.00023040402410829107
1.561040693795864e-08, 0.00022978486055745152
1.567711807871915e-08, 0.0002291661352351715
1.5743829219479654e-08, 0.00022854787467675668
1.5810540360240162e-08, 0.00022793010481409162
1.587725150100067e-08, 0.00022731285098590966
1.5943962641761174e-08, 0.00022669613794798127
1.6010673782521682e-08, 0.00022607998988321567
1.607738492328219e-08, 0.00022546443041167034
1.61440960640427e-08, 0.00022484948260046312
1.6210807204803203e-08, 0.0002242351689735841
1.627751834556371e-08, 0.0002236215115216031
1.634422948632422e-08, 0.0002230085317112685
1.6410940627084724e-08, 0.00022239625049499611
1.647765176784523e-08, 0.0002217846883202447
1.654436290860574e-08, 0.00022117386513877525
1.6611074049366244e-08, 0.00022056380041579385
1.6677785190126752e-08, 0.0002199545131389744
1.674449633088726e-08, 0.00021934602182736162
1.6811207471647768e-08, 0.00021873834454015227
1.6877918612408273e-08, 0.0002181314988853533
1.694462975316878e-08, 0.00021752550202831707
1.701134089392929e-08, 0.00021692037070015336
1.7078052034689793e-08, 0.0002163161212060162
1.71447631754503e-08, 0.00021571276943326733
1.721147431621081e-08, 0.00021511033085951512
1.7278185456971317e-08, 0.0002145088205605293
1.7344896597731822e-08, 0.00021390825321803184
1.741160773849233e-08, 0.00021330864312736457
1.7478318879252838e-08, 0.00021271000420503415
1.7545030020013343e-08, 0.00021211234999613386
1.761174116077385e-08, 0.00021151569368164472
1.767845230153436e-08, 0.0002109200480856153
1.7745163442294863e-08, 0.00021032542568222187
1.781187458305537e-08, 0.00020973183860270938
1.787858572381588e-08, 0.00020913929864221448
1.7945296864576387e-08, 0.00020854781726647187
1.8012008005336892e-08, 0.00020795740561840487
1.80787191460974e-08, 0.00020736807452460086
1.8145430286857908e-08, 0.00020677983450167426
1.8212141427618412e-08, 0.00020619269576251678
1.827885256837892e-08, 0.00020560666822243674
1.834556370913943e-08, 0.0002050217615051896
1.8412274849899933e-08, 0.00020443798494889934
1.847898599066044e-08, 0.00020385534761187415
1.854569713142095e-08, 0.0002032738582783158
1.8612408272181457e-08, 0.0002026935254639253
1.8679119412941962e-08, 0.00020211435742140653
1.874583055370247e-08, 0.00020153636214586773
1.8812541694462978e-08, 0.00020095954738012426
1.8879252835223482e-08, 0.0002003839206199022
1.894596397598399e-08, 0.00019980948911894604
1.9012675116744498e-08, 0.00019923625989403003
1.9079386257505006e-08, 0.00019866423972987653
1.914609739826551e-08, 0.00019809343518398107
1.921280853902602e-08, 0.00019752385259134728
1.9279519679786527e-08, 0.00019695549806913096
1.934623082054703e-08, 0.00019638837752119717
1.941294196130754e-08, 0.00019582249664259032
1.9479653102068047e-08, 0.00019525786092391812
1.9546364242828552e-08, 0.00019469447565565275
1.961307538358906e-08, 0.00019413234593234876
1.9679786524349568e-08, 0.00019357147665677999
1.9746497665110076e-08, 0.00019301187254399695
1.981320880587058e-08, 0.00019245353812530558
1.987991994663109e-08, 0.00019189647775216904
1.9946631087391597e-08, 0.00019134069560003362
2.00133422281521e-08, 0.00019078619567208067
2.008005336891261e-08, 0.00019023298180290485
2.0146764509673117e-08, 0.00018968105766212123
2.0213475650433625e-08, 0.00018913042675790113
2.028018679119413e-08, 0.00018858109244043942
2.0346897931954638e-08, 0.00018803305790535333
2.0413609072715146e-08, 0.00018748632619701458
2.048032021347565e-08, 0.00018694090021181608
2.054703135423616e-08, 0.00018639678270137387
2.0613742494996667e-08, 0.0001858539762756663
2.068045363575717e-08, 0.00018531248340611074
2.074716477651768e-08, 0.00018477230642857992
2.0813875917278187e-08, 0.00018423344754635765
2.0880587058038695e-08, 0.00018369590883303682
2.09472981987992e-08, 0.0001831596922353592
2.1014009339559708e-08, 0.00018262479957599866
2.1080720480320216e-08, 0.00018209123255628982
2.114743162108072e-08, 0.00018155899275890106
2.121414276184123e-08, 0.00018102808165045508
2.1280853902601736e-08, 0.0001804985005840968
2.134756504336224e-08, 0.00017997025080200975
2.141427618412275e-08, 0.00017944333343788242
2.1480987324883257e-08, 0.00017891774951932481
2.1547698465643765e-08, 0.00017839349997023665
2.161440960640427e-08, 0.00017787058561312825
2.1681120747164778e-08, 0.00017734900717139421
2.1747831887925286e-08, 0.00017682876527154199
2.181454302868579e-08, 0.0001763098604453752
2.1881254169446298e-08, 0.0001757922931321329
2.1947965310206806e-08, 0.000175276063680586
2.2014676450967314e-08, 0.00017476117235109122
2.208138759172782e-08, 0.00017424761931760335
2.2148098732488327e-08, 0.00017373540466964721
2.2214809873248835e-08, 0.00017322452841424935
2.228152101400934e-08, 0.0001727149904778308
2.2348232154769847e-08, 0.0001722067907080618
2.2414943295530355e-08, 0.00017169992887567794
2.248165443629086e-08, 0.00017119440467626076
2.2548365577051368e-08, 0.00017069021773198094
2.2615076717811876e-08, 0.00017018736759330706
2.2681787858572384e-08, 0.0001696858537406789
2.274849899933289e-08, 0.00016918567558614706
2.2815210140093397e-08, 0.0001686868324749792
2.2881921280853905e-08, 0.00016818932368723336
2.294863242161441e-08, 0.00016769314843929914
2.3015343562374917e-08, 0.0001671983058854078
2.3082054703135425e-08, 0.00016670479511911112
2.314876584389593e-08, 0.00016621261517473044
2.3215476984656438e-08, 0.0001657217650287755
2.3282188125416946e-08, 0.0001652322436013349
2.3348899266177454e-08, 0.00016474404975743765
2.341561040693796e-08, 0.0001642571823083869
2.3482321547698466e-08, 0.00016377164001306663
2.3549032688458974e-08, 0.00016328742157922097
2.361574382921948e-08, 0.00016280452566470792
2.3682454969979987e-08, 0.0001623229508787267
2.3749166110740495e-08, 0.00016184269578302024
2.3815877251501003e-08, 0.00016136375889305292
2.3882588392261508e-08, 0.000160886138679164
2.3949299533022016e-08, 0.00016040983356769716
2.4016010673782524e-08, 0.00015993484194210716
2.4082721814543028e-08, 0.00015946116214404297
2.4149432955303536e-08, 0.0001589887924744095
2.4216144096064044e-08, 0.0001585177311944066
2.428285523682455e-08, 0.00015804797652654702
2.4349566377585057e-08, 0.00015757952665565296
2.4416277518345565e-08, 0.00015711237972983256
2.4482988659106073e-08, 0.00015664653386143567
2.4549699799866577e-08, 0.00015618198712799005
2.4616410940627085e-08, 0.0001557187375731179
2.4683122081387593e-08, 0.00015525678320743377
2.4749833222148098e-08, 0.00015479612200942366
2.4816544362908606e-08, 0.00015433675192630554
2.4883255503669114e-08, 0.00015387867087487262
2.4949966644429622e-08, 0.00015342187674231828
2.5016677785190127e-08, 0.00015296636738704468
2.5083388925950635e-08, 0.00015251214063945358
2.5150100066711143e-08, 0.00015205919430272166
2.5216811207471647e-08, 0.00015160752615355885
2.5283522348232155e-08, 0.00015115713394295107
2.5350233488992663e-08, 0.00015070801539688778
2.5416944629753168e-08, 0.00015026016821707367
2.5483655770513676e-08, 0.0001498135900816261
2.5550366911274184e-08, 0.0001493682786457575
2.5617078052034695e-08, 0.00014892423154244338
2.56837891927952e-08, 0.00014848144638307685
2.5750500333555708e-08, 0.00014803992075810877
2.5817211474316216e-08, 0.00014759965223767483
2.588392261507672e-08, 0.0001471606383722092
2.595063375583723e-08, 0.00014672287669304548
2.6017344896597736e-08, 0.00014628636471300492
2.6084056037358244e-08, 0.00014585109992697176
2.615076717811875e-08, 0.0001454170798124574
2.6217478318879257e-08, 0.0001449843018301515
2.6284189459639765e-08, 0.0001445527634244622
2.635090060040027e-08, 0.00014412246202404484
2.6417611741160778e-08, 0.00014369339504231876
2.6484322881921286e-08, 0.00014326555987797423
2.655103402268179e-08, 0.00014283895391546745
2.6617745163442298e-08, 0.00014241357452550606
2.6684456304202806e-08, 0.00014198941906552357
2.6751167444963314e-08, 0.00014156648488014396
2.681787858572382e-08, 0.0001411447693016363
2.6884589726484327e-08, 0.0001407242696503597
2.6951300867244835e-08, 0.00014030498323519886
2.701801200800534e-08, 0.00013988690735398978
2.7084723148765847e-08, 0.00013947003929393715
2.7151434289526355e-08, 0.00013905437633202194
2.7218145430286863e-08, 0.0001386399157354009
2.7284856571047368e-08, 0.00013822665476179687
2.7351567711807876e-08, 0.00013781459065988127
2.7418278852568384e-08, 0.00013740372066964784
2.748498999332889e-08, 0.00013699404202277863
2.7551701134089397e-08, 0.00013658555194300158
2.7618412274849905e-08, 0.00013617824764644115
2.768512341561041e-08, 0.0001357721263419608
2.7751834556370917e-08, 0.0001353671852314978
2.7818545697131425e-08, 0.00013496342151039125
2.7885256837891933e-08, 0.00013456083236770283
2.7951967978652438e-08, 0.00013415941498653045
2.8018679119412946e-08, 0.00013375916654431494
2.8085390260173454e-08, 0.00013336008421314008
2.815210140093396e-08, 0.0001329621651600265
2.8218812541694466e-08, 0.0001325654065472182
2.8285523682454974e-08, 0.00013216980553246366
2.8352234823215482e-08, 0.00013177535926929017
2.8418945963975987e-08, 0.0001313820649072725
2.8485657104736495e-08, 0.0001309899195922953
2.8552368245497003e-08, 0.00013059892046680965
2.8619079386257508e-08, 0.0001302090646700845
2.8685790527018016e-08, 0.0001298203493384516
2.8752501667778524e-08, 0.0001294327716055458
2.8819212808539028e-08, 0.00012904632860253948
2.8885923949299536e-08, 0.0001286610174583719
2.8952635090060044e-08, 0.00012827683529997345
2.9019346230820552e-08, 0.00012789377925248466
2.9086057371581057e-08, 0.00012751184643947056
2.9152768512341565e-08, 0.00012713103398312998
2.9219479653102073e-08, 0.0001267513390045001
2.9286190793862578e-08, 0.00012637275862365663
2.9352901934623086e-08, 0.00012599528995990925
2.9419613075383593e-08, 0.00012561893013199232
2.9486324216144098e-08, 0.0001252436762582518
2.9553035356904606e-08, 0.0001248695254568275
2.9619746497665114e-08, 0.0001244964748458313
2.9686457638425622e-08, 0.0001241245215435212
2.9753168779186127e-08, 0.00012375366266847128
2.981987991994664e-08, 0.000123383895339738
2.988659106070714e-08, 0.00012301521667702227
2.995330220146765e-08, 0.00012264762380082808
3.002001334222816e-08, 0.00012228111383261742
3.0086724482988663e-08, 0.000121915683894961
3.015343562374917e-08, 0.00012155133111168638
3.022014676450968e-08, 0.00012118805260802183
3.0286857905270184e-08, 0.0001208258455107372
3.035356904603069e-08, 0.00012046470694828129
3.04202801867912e-08, 0.00012010463405091599
3.0486991327551705e-08, 0.00011974562395084723
3.055370246831221e-08, 0.00011938767378235284
3.062041360907272e-08, 0.00011903078068190728
3.0687124749833225e-08, 0.00011867494178830341
3.075383589059373e-08, 0.0001183201542427713
3.082054703135424e-08, 0.000117966415189094
3.0887258172114746e-08, 0.00011761372177372096
3.095396931287525e-08, 0.00011726207114587804
3.102068045363576e-08, 0.00011691146045767537
3.1087391594396266e-08, 0.00011656188686421207
3.115410273515678e-08, 0.00011621334752367906
3.122081387591728e-08, 0.00011586583959745843
3.128752501667779e-08, 0.00011551936025022107
3.13542361574383e-08, 0.00011517390665002146
3.14209472981988e-08, 0.00011482947596839027
3.148765843895931e-08, 0.00011448606538042448
3.155436957971982e-08, 0.00011414367206487528
3.1621080720480324e-08, 0.00011380229320423367
3.168779186124083e-08, 0.00011346192598481411
3.175450300200134e-08, 0.0001131225675968355
3.1821214142761844e-08, 0.00011278421523450059
3.188792528352235e-08, 0.00011244686609607307
3.195463642428286e-08, 0.00011211051738395261
3.2021347565043365e-08, 0.00011177516630474816
3.208805870580387e-08, 0.00011144081006934884
3.215476984656438e-08, 0.00011110744589299346
3.2221480987324885e-08, 0.00011077507099533801
3.22881921280854e-08, 0.00011044368260052103
3.2354903268845895e-08, 0.00011011327793722775
3.2421614409606406e-08, 0.00010978385423875185
3.248832555036691e-08, 0.0001094554087430562
3.255503669112742e-08, 0.00010912793869283122
3.2621747831887927e-08, 0.00010880144133555231
3.268845897264844e-08, 0.00010847591392353502
3.2755170113408936e-08, 0.00010815135371398924
3.282188125416945e-08, 0.0001078277579690712
3.288859239492995e-08, 0.00010750512395593488
3.295530353569046e-08, 0.0001071834489467808
3.302201467645097e-08, 0.00010686273021890445
3.308872581721148e-08, 0.00010654296505474265
3.3155436957971984e-08, 0.00010622415074191857
3.322214809873249e-08, 0.00010590628457328587
3.328885923949299e-08, 0.00010558936384697091
3.3355570380253504e-08, 0.00010527338586641406
3.342228152101401e-08, 0.0001049583479404097
3.348899266177452e-08, 0.00010464424738314459
3.3555703802535025e-08, 0.0001043310815142359
3.3622414943295536e-08, 0.00010401884765876677
3.3689126084056034e-08, 0.00010370754314732211
3.3755837224816546e-08, 0.00010339716531602206
3.382254836557705e-08, 0.00010308771150655524
3.388925950633756e-08, 0.00010277917906621016
3.3955970647098066e-08, 0.00010247156534790621
3.402268178785858e-08, 0.00010216486771022314
3.408939292861908e-08, 0.0001018590835174298
3.415610406937959e-08, 0.00010155421013951165
3.42228152101401e-08, 0.0001012502449521975
3.42895263509006e-08, 0.00010094718533698526
3.4356237491661114e-08, 0.00010064502868116645
3.442294863242162e-08, 0.00010034377237785029
3.448965977318213e-08, 0.00010004341382598649
3.4556370913942635e-08, 9.974395043038741e-05
3.462308205470314e-08, 9.9445379601749e-05
3.4689793195463644e-08, 9.914769875667159e-05
3.4756504336224155e-08, 9.885090531767895e-05
3.482321547698466e-08, 9.85549967132374e-05
3.488992661774517e-08, 9.825997037777336e-05
3.4956637758505676e-08, 9.796582375169092e-05
3.502334889926619e-08, 9.767255428138789e-05
3.5090060040026685e-08, 9.738015941927172e-05
3.5156771180787197e-08, 9.708863662377429e-05
3.52234823215477e-08, 9.679798335936617e-05
3.529019346230821e-08, 9.650819709657028e-05
3.535690460306872e-08, 9.62192753119747e-05
3.542361574382923e-08, 9.593121548824465e-05
3.5490326884589727e-08, 9.564401511413457e-05
3.555703802535024e-08, 9.535767168449846e-05
3.562374916611074e-08, 9.507218270030069e-05
3.5690460306871254e-08, 9.478754566862525e-05
3.575717144763176e-08, 9.450375810268538e-05
3.582388258839227e-08, 9.42208175218316e-05
3.5890593729152774e-08, 9.393872145156007e-05
3.595730486991328e-08, 9.365746742351968e-05
3.6024016010673784e-08, 9.337705297551923e-05
3.6090727151434295e-08, 9.309747565153359e-05
3.61574382921948e-08, 9.281873300170953e-05
3.622414943295531e-08, 9.254082258237113e-05
3.6290860573715816e-08, 9.226374195602458e-05
3.635757171447633e-08, 9.198748869136243e-05
3.6424282855236825e-08, 9.171206036326767e-05
3.6490993995997336e-08, 9.143745455281691e-05
3.655770513675784e-08, 9.11636688472835e-05
3.662441627751835e-08, 9.08907008401399e-05
3.669112741827886e-08, 9.061854813106009e-05
3.675783855903937e-08, 9.034720832592074e-05
3.6824549699799866e-08, 9.007667903680298e-05
3.689126084056038e-08, 8.98069578819928e-05
3.695797198132088e-08, 8.953804248598182e-05
3.7024683122081393e-08, 8.92699304794673e-05
3.70913942628419e-08, 8.900261949935172e-05
3.715810540360241e-08, 8.873610718874226e-05
3.7224816544362914e-08, 8.847039119694968e-05
3.729152768512342e-08, 8.820546917948701e-05
3.7358238825883923e-08, 8.794133879806782e-05
3.7424949966644435e-08, 8.767799772060411e-05
3.749166110740494e-08, 8.7415443621204e-05
3.755837224816545e-08, 8.715367418016905e-05
3.7625083388925955e-08, 8.68926870839912e-05
3.7691794529686467e-08, 8.663248002534947e-05
3.7758505670446965e-08, 8.63730507031064e-05
3.7825216811207476e-08, 8.611439682230414e-05
3.789192795196798e-08, 8.585651609416026e-05
3.795863909272849e-08, 8.559940623606324e-05
3.8025350233488997e-08, 8.534306497156803e-05
3.809206137424951e-08, 8.508749003039054e-05
3.815877251501001e-08, 8.483267914840302e-05
3.822548365577052e-08, 8.457863006762804e-05
3.829219479653102e-08, 8.432534053623318e-05
3.835890593729153e-08, 8.407280830852475e-05
3.842561707805204e-08, 8.382103114494171e-05
3.849232821881255e-08, 8.357000681204927e-05
3.8559039359573054e-08, 8.331973308253228e-05
3.8625750500333565e-08, 8.307020773518817e-05
3.869246164109406e-08, 8.282142855492012e-05
3.8759172781854574e-08, 8.257339333272957e-05
3.882588392261508e-08, 8.232609986570896e-05
3.889259506337559e-08, 8.207954595703381e-05
3.8959306204136095e-08, 8.183372941595514e-05
3.9026017344896606e-08, 8.15886480577911e-05
3.9092728485657104e-08, 8.134429970391904e-05
3.9159439626417616e-08, 8.110068218176693e-05
3.922615076717812e-08, 8.085779332480493e-05
3.929286190793863e-08, 8.061563097253645e-05
3.9359573048699136e-08, 8.037419297048945e-05
3.942628418945965e-08, 8.013347717020728e-05
3.949299533022015e-08, 7.989348142923944e-05
3.955970647098066e-08, 7.965420361113236e-05
3.962641761174116e-08, 7.941564158541976e-05
3.969312875250167e-08, 7.917779322761298e-05
3.975983989326218e-08, 7.894065641919144e-05
3.982655103402269e-08, 7.870422904759232e-05
3.9893262174783193e-08, 7.846850900620091e-05
3.9959973315543705e-08, 7.823349419434018e-05
4.00266844563042e-08, 7.799918251726057e-05
4.0093395597064714e-08, 7.77655718861296e-05
4.016010673782522e-08, 7.753266021802125e-05
4.022681787858573e-08, 7.730044543590537e-05
4.0293529019346235e-08, 7.706892546863699e-05
4.0360240160106746e-08, 7.683809825094522e-05
4.042695130086725e-08, 7.660796172342264e-05
4.0493662441627755e-08, 7.637851383251392e-05
4.056037358238826e-08, 7.614975253050482e-05
4.062708472314877e-08, 7.59216757755108e-05
4.0693795863909276e-08, 7.569428153146592e-05
4.076050700466979e-08, 7.546756776811106e-05
4.082721814543029e-08, 7.524153246098274e-05
4.08939292861908e-08, 7.501617359140116e-05
4.09606404269513e-08, 7.479148914645887e-05
4.102735156771181e-08, 7.456747711900868e-05
4.109406270847232e-08, 7.434413550765209e-05
4.116077384923283e-08, 7.412146231672711e-05
4.122748498999333e-08, 7.389945555629653e-05
4.1294196130753844e-08, 7.367811324213566e-05
4.136090727151434e-08, 7.345743339572039e-05
4.1427618412274854e-08, 7.323741404421474e-05
4.149432955303536e-08, 7.301805322045898e-05
4.156104069379587e-08, 7.279934896295688e-05
4.1627751834556374e-08, 7.258129931586382e-05
4.1694462975316886e-08, 7.236390232897398e-05
4.176117411607739e-08, 7.21471560577081e-05
4.1827885256837895e-08, 7.193105856310078e-05
4.18945963975984e-08, 7.171560791178813e-05
4.196130753835891e-08, 7.150080217599488e-05
4.2028018679119415e-08, 7.128663943352198e-05
4.209472981987993e-08, 7.107311776773366e-05
4.216144096064043e-08, 7.086023526754484e-05
4.222815210140094e-08, 7.06479900274082e-05
4.229486324216144e-08, 7.043638014730151e-05
4.236157438292195e-08, 7.022540373271459e-05
4.242828552368246e-08, 7.001505889463651e-05
4.249499666444297e-08, 6.980534374954258e-05
4.256170780520347e-08, 6.959625641938158e-05
4.2628418945963984e-08, 6.938779503156236e-05
4.269513008672448e-08, 6.917995771894122e-05
4.276184122748499e-08, 6.897274261980864e-05
4.28285523682455e-08, 6.876614787787623e-05
4.289526350900601e-08, 6.856017164226357e-05
4.2961974649766514e-08, 6.835481206748524e-05
4.3028685790527025e-08, 6.815006731343745e-05
4.309539693128753e-08, 6.794593554538506e-05
4.3162108072048035e-08, 6.774241493394814e-05
4.322881921280854e-08, 6.753950365508912e-05
4.329553035356905e-08, 6.733719989009911e-05
4.3362241494329555e-08, 6.71355018255851e-05
4.3428952635090066e-08, 6.693440765345633e-05
4.349566377585057e-08, 6.673391557091119e-05
4.356237491661108e-08, 6.653402378042393e-05
4.362908605737158e-08, 6.633473048973136e-05
4.369579719813209e-08, 6.613603391181943e-05
4.3762508338892596e-08, 6.59379322649101e-05
4.382921947965311e-08, 6.574042377244775e-05
4.389593062041361e-08, 6.554350666308615e-05
4.3962641761174124e-08, 6.534717917067483e-05
4.402935290193463e-08, 6.515143953424598e-05
4.409606404269513e-08, 6.495628599800088e-05
4.416277518345564e-08, 6.47617168112967e-05
4.422948632421615e-08, 6.456773022863303e-05
4.4296197464976654e-08, 6.437432450963865e-05
4.4362908605737165e-08, 6.418149791905797e-05
4.442961974649767e-08, 6.398924872673795e-05
4.449633088725818e-08, 6.37975752076144e-05
4.456304202801868e-08, 6.360647564169893e-05
4.462975316877919e-08, 6.341594831406538e-05
4.4696464309539695e-08, 6.322599151483656e-05
4.4763175450300206e-08, 6.303660353917084e-05
4.482988659106071e-08, 6.284778268724893e-05
4.489659773182122e-08, 6.265952726426031e-05
4.496330887258172e-08, 6.247183558039022e-05
4.503002001334223e-08, 6.228470595080598e-05
4.5096731154102736e-08, 6.20981366956439e-05
4.516344229486325e-08, 6.19121261399958e-05
4.523015343562375e-08, 6.172667261389599e-05
4.529686457638426e-08, 6.154177445230755e-05
4.536357571714477e-08, 6.135742999510947e-05
4.543028685790527e-08, 6.117363758708296e-05
4.549699799866578e-08, 6.099039557789861e-05
4.556370913942629e-08, 6.080770232210276e-05
4.563042028018679e-08, 6.0625556179104504e-05
4.5697131420947304e-08, 6.0443955513162324e-05
4.576384256170781e-08, 6.02628986933709e-05
4.583055370246832e-08, 6.0082384093647924e-05
4.589726484322882e-08, 5.990241009272096e-05
4.596397598398933e-08, 5.972297507411413e-05
4.6030687124749834e-08, 5.954407742613504e-05
4.6097398265510346e-08, 5.9365715541861614e-05
4.616410940627085e-08, 5.918788781912906e-05
4.623082054703136e-08, 5.901059266051652e-05
4.629753168779186e-08, 5.883382847333423e-05
4.636424282855237e-08, 5.865759366961024e-05
4.6430953969312876e-08, 5.848188666607746e-05
4.649766511007339e-08, 5.830670588416053e-05
4.656437625083389e-08, 5.813204974996295e-05
4.66310873915944e-08, 5.795791669425385e-05
4.669779853235491e-08, 5.778430515245515e-05
4.676450967311541e-08, 5.7611213564628514e-05
4.683122081387592e-08, 5.7438640375462484e-05
4.689793195463643e-08, 5.72665840342594e-05
4.696464309539693e-08, 5.709504299492269e-05
4.7031354236157444e-08, 5.692401571594373e-05
4.709806537691795e-08, 5.675350066038918e-05
4.716477651767846e-08, 5.6583496295888e-05
4.723148765843896e-08, 5.641400109461877e-05
4.729819879919947e-08, 5.6245013533296656e-05
4.7364909939959974e-08, 5.607653209316084e-05
4.7431621080720485e-08, 5.5908555259961614e-05
4.749833222148099e-08, 5.574108152394774e-05
4.75650433622415e-08, 5.557410937985364e-05
4.7631754503002006e-08, 5.540763732688676e-05
4.769846564376251e-08, 5.5241663868714885e-05
4.7765176784523015e-08, 5.507618751345345e-05
4.7831887925283527e-08, 5.491120677365293e-05
4.789859906604403e-08, 5.474672016628635e-05
4.796531020680454e-08, 5.4582726212736505e-05
4.803202134756505e-08, 5.441922343878354e-05
4.809873248832556e-08, 5.425621037459237e-05
4.8165443629086057e-08, 5.4093685554700274e-05
4.823215476984657e-08, 5.393164751800422e-05
4.829886591060707e-08, 5.377009480774863e-05
4.8365577051367584e-08, 5.360902597151277e-05
4.843228819212809e-08, 5.344843956119845e-05
4.84989993328886e-08, 5.328833413301757e-05
4.85657104736491e-08, 5.312870824747989e-05
4.863242161440961e-08, 5.296956046938057e-05
4.8699132755170114e-08, 5.281088936778789e-05
4.8765843895930625e-08, 5.2652693516031044e-05
4.883255503669113e-08, 5.249497149168787e-05
4.889926617745164e-08, 5.233772187657255e-05
4.8965977318212146e-08, 5.218094325672353e-05
4.903268845897265e-08, 5.2024634222391214e-05
4.9099399599733155e-08, 5.186879336802599e-05
4.9166110740493666e-08, 5.171341929226588e-05
4.923282188125417e-08, 5.155851059792476e-05
4.929953302201468e-08, 5.140406589198001e-05
4.936624416277519e-08, 5.125008378556063e-05
4.94329553035357e-08, 5.109656289393514e-05
4.9499666444296196e-08, 5.094350183649979e-05
4.956637758505671e-08, 5.079089923676633e-05
4.963308872581721e-08, 5.063875372235034e-05
4.9699799866577723e-08, 5.048706392495912e-05
4.976651100733823e-08, 5.0335828480379994e-05
4.983322214809874e-08, 5.0185046028468324e-05
4.9899933288859244e-08, 5.0034715213135856e-05
4.996664442961975e-08, 4.988483468233874e-05
5.0033355570380253e-08, 4.9735403088065954e-05
5.0100066711140765e-08, 4.9586419086327405e-05
5.016677785190127e-08, 4.9437881337142374e-05
5.023348899266178e-08, 4.928978850452777e-05
5.0300200133422285e-08, 4.914213925648652e-05
5.0366911274182797e-08, 4.8994932264995845e-05
5.0433622414943295e-08, 4.8848166205995795e-05
5.0500333555703806e-08, 4.8701839759377636e-05
5.056704469646431e-08, 4.855595160897237e-05
5.063375583722482e-08, 4.8410500442539106e-05
5.0700466977985327e-08, 4.82654849517537e-05
5.076717811874584e-08, 4.812090383219724e-05
5.0833889259506336e-08, 4.797675578334473e-05
5.090060040026685e-08, 4.783303950855353e-05
5.096731154102735e-08, 4.7689753715052166e-05
5.103402268178786e-08, 4.7546897113928875e-05
5.110073382254837e-08, 4.740446842012039e-05
5.116744496330888e-08, 4.726246635240053e-05
5.123415610406939e-08, 4.7120889633369165e-05
5.130086724482989e-08, 4.697973698944084e-05
5.13675783855904e-08, 4.6839007150833545e-05
5.1434289526350904e-08, 4.66986988515577e-05
5.1501000667111416e-08, 4.655881082940494e-05
5.156771180787192e-08, 4.641934182593705e-05
5.163442294863243e-08, 4.628029058647484e-05
5.1701134089392936e-08, 4.614165586008714e-05
5.176784523015344e-08, 4.60034363995797e-05
5.1834556370913946e-08, 4.586563096148442e-05
5.190126751167446e-08, 4.572823830604807e-05
5.196797865243496e-08, 4.55912571972217e-05
5.203468979319547e-08, 4.5454686402649396e-05
5.210140093395598e-08, 4.5318524693657705e-05
5.216811207471649e-08, 4.5182770845244605e-05
5.223482321547699e-08, 4.504742363606881e-05
5.23015343562375e-08, 4.4912481848438875e-05
5.2368245496998e-08, 4.477794426830246e-05
5.2434956637758514e-08, 4.464380968523567e-05
5.250166777851902e-08, 4.4510076892432314e-05
5.256837891927953e-08, 4.4376744686693193e-05
5.263509006004003e-08, 4.424381186841557e-05
5.270180120080054e-08, 4.411127724158235e-05
5.2768512341561044e-08, 4.397913961375175e-05
5.2835223482321555e-08, 4.384739779604651e-05
5.290193462308206e-08, 4.371605060314356e-05
5.296864576384257e-08, 4.3585096853263376e-05
5.3035356904603076e-08, 4.3454535368159534e-05
5.310206804536358e-08, 4.332436497310835e-05
5.3168779186124085e-08, 4.3194584496898364e-05
5.3235490326884596e-08, 4.306519277182e-05
5.33022014676451e-08, 4.293618863365526e-05
5.336891260840561e-08, 4.2807570921667234e-05
5.343562374916612e-08, 4.267933847858998e-05
5.350233488992663e-08, 4.2551490150618125e-05
5.3569046030687126e-08, 4.242402478739676e-05
5.363575717144764e-08, 4.2296941242011025e-05
5.370246831220814e-08, 4.2170238370976066e-05
5.3769179452968654e-08, 4.204391503422683e-05
5.383589059372916e-08, 4.1917970095107975e-05
5.390260173448967e-08, 4.179240242036368e-05
5.3969312875250174e-08, 4.166721088012766e-05
5.403602401601068e-08, 4.154239434791304e-05
5.4102735156771184e-08, 4.141795170060239e-05
5.4169446297531695e-08, 4.1293881818437714e-05
5.42361574382922e-08, 4.1170183585010516e-05
5.430286857905271e-08, 4.104685588725178e-05
5.4369579719813216e-08, 4.092389761542216e-05
5.443629086057373e-08, 4.080130766310201e-05
5.4503002001334225e-08, 4.0679084927181635e-05
5.4569713142094736e-08, 4.055722830785135e-05
5.463642428285524e-08, 4.0435736708591804e-05
5.470313542361575e-08, 4.0314609036164085e-05
5.476984656437626e-08, 4.0193844200600063e-05
5.483655770513677e-08, 4.0073441115192646e-05
5.4903268845897266e-08, 3.995339869648612e-05
5.496997998665778e-08, 3.983371586426643e-05
5.503669112741828e-08, 3.9714391541551595e-05
5.5103402268178793e-08, 3.959542465458209e-05
5.51701134089393e-08, 3.947681413281129e-05
5.523682454969981e-08, 3.9358558908895834e-05
5.5303535690460314e-08, 3.924065791868626e-05
5.537024683122082e-08, 3.912311010121733e-05
5.543695797198132e-08, 3.9005914398698676e-05
5.5503669112741835e-08, 3.888906975650527e-05
5.557038025350234e-08, 3.877257512316818e-05
5.563709139426285e-08, 3.865642945036494e-05
5.5703802535023355e-08, 3.854063169291037e-05
5.5770513675783866e-08, 3.842518080874714e-05
5.5837224816544364e-08, 3.8310075758936556e-05
5.5903935957304876e-08, 3.819531550764918e-05
5.597064709806538e-08, 3.808089902215566e-05
5.603735823882589e-08, 3.7966825272817405e-05
5.6104069379586396e-08, 3.785309323307745e-05
5.617078052034691e-08, 3.773970187945128e-05
5.623749166110741e-08, 3.7626650191517687e-05
5.630420280186792e-08, 3.751393715190959e-05
5.637091394262842e-08, 3.740156174630496e-05
5.643762508338893e-08, 3.728952296341781e-05
5.650433622414944e-08, 3.717781979498908e-05
5.657104736490995e-08, 3.7066451235777626e-05
5.6637758505670454e-08, 3.695541628355129e-05
5.6704469646430965e-08, 3.6844713939077834e-05
5.677118078719146e-08, 3.6734343206116085e-05
5.6837891927951974e-08, 3.662430309140693e-05
5.690460306871248e-08, 3.6514592604664596e-05
5.697131420947299e-08, 3.640521075856756e-05
5.7038025350233495e-08, 3.629615656874989e-05
5.7104736490994006e-08, 3.6187429053792336e-05
5.7171447631754504e-08, 3.6079027235213614e-05
5.7238158772515015e-08, 3.597095013746155e-05
5.730486991327552e-08, 3.586319678790447e-05
5.737158105403603e-08, 3.5755766216822384e-05
5.7438292194796536e-08, 3.564865745739834e-05
5.750500333555705e-08, 3.554186954570975e-05
5.757171447631755e-08, 3.543540152071981e-05
5.7638425617078057e-08, 3.532925242426881e-05
5.770513675783856e-08, 3.522342130106562e-05
5.777184789859907e-08, 3.511790719867907e-05
5.783855903935958e-08, 3.501270916752948e-05
5.790527018012009e-08, 3.4907826260880086e-05
5.797198132088059e-08, 3.4803257534828626e-05
5.8038692461641105e-08, 3.46990020482988e-05
5.81054036024016e-08, 3.459505886303191e-05
5.8172114743162114e-08, 3.449142704357836e-05
5.823882588392262e-08, 3.438810565728944e-05
5.830553702468313e-08, 3.4285093774308734e-05
5.8372248165443634e-08, 3.418239046756394e-05
5.8438959306204146e-08, 3.4079994812758534e-05
5.8505670446964644e-08, 3.397790588836348e-05
5.8572381587725155e-08, 3.3876122775608906e-05
5.863909272848566e-08, 3.377464455847596e-05
5.870580386924617e-08, 3.3673470323688525e-05
5.8772515010006676e-08, 3.3572599160705035e-05
5.883922615076719e-08, 3.347203016171032e-05
5.890593729152769e-08, 3.337176242160753e-05
5.8972648432288196e-08, 3.327179503800988e-05
5.90393595730487e-08, 3.3172127111232645e-05
5.910607071380921e-08, 3.307275774428507e-05
5.917278185456972e-08, 3.297368604286233e-05
5.923949299533023e-08, 3.2874911115337484e-05
5.930620413609073e-08, 3.277643207275352e-05
5.9372915276851244e-08, 3.26782480288153e-05
5.943962641761174e-08, 3.258035809988169e-05
5.9506337558372253e-08, 3.248276140495755e-05
5.957304869913276e-08, 3.2385457065685914e-05
5.963975983989328e-08, 3.228844420634003e-05
5.970647098065377e-08, 3.219172195381556e-05
5.977318212141429e-08, 3.2095289437622656e-05
5.983989326217478e-08, 3.1999145789878294e-05
5.99066044029353e-08, 3.190329014529829e-05
5.99733155436958e-08, 3.180772164118975e-05
6.004002668445632e-08, 3.171243941744312e-05
6.010673782521682e-08, 3.1617442616524553e-05
6.017344896597733e-08, 3.1522730383468266e-05
6.024016010673782e-08, 3.142830186586879e-05
6.030687124749834e-08, 3.1334156213873314e-05
6.037358238825885e-08, 3.12402925801741e-05
6.044029352901936e-08, 3.114671012000079e-05
6.050700466977986e-08, 3.105340799111297e-05
6.057371581054037e-08, 3.096038535379242e-05
6.064042695130087e-08, 3.0867641370835735e-05
6.070713809206138e-08, 3.077517520754671e-05
6.077384923282189e-08, 3.068298603172887e-05
6.08405603735824e-08, 3.059107301367796e-05
6.09072715143429e-08, 3.049943532617461e-05
6.097398265510341e-08, 3.0408072144476747e-05
6.104069379586391e-08, 3.0316982646312294e-05
6.110740493662442e-08, 3.022616601187173e-05
6.117411607738493e-08, 3.0135621423800776e-05
6.124082721814544e-08, 3.0045348067192975e-05
6.130753835890594e-08, 2.9955345129582493e-05
6.137424949966645e-08, 2.986561180093666e-05
6.144096064042695e-08, 2.9776147273648843e-05
6.150767178118746e-08, 2.9686950742531042e-05
6.157438292194797e-08, 2.959802140480683e-05
6.164109406270848e-08, 2.9509358460103995e-05
6.170780520346898e-08, 2.9420961110447386e-05
6.177451634422949e-08, 2.933282856025178e-05
6.184122748499e-08, 2.9244960016314718e-05
6.19079386257505e-08, 2.9157354687809327e-05
6.197464976651101e-08, 2.90700117862773e-05
6.204136090727152e-08, 2.8982930525621723e-05
6.210807204803202e-08, 2.8896110122100074e-05
6.217478318879253e-08, 2.8809549794317123e-05
6.224149432955304e-08, 2.8723248763218e-05
6.230820547031356e-08, 2.8637206252081078e-05
6.237491661107405e-08, 2.8551421486511076e-05
6.244162775183456e-08, 2.8465893694432053e-05
6.250833889259506e-08, 2.8380622106080517e-05
6.257505003335557e-08, 2.8295605953998434e-05
6.264176117411609e-08, 2.8210844473026408e-05
6.27084723148766e-08, 2.812633690029675e-05
6.27751834556371e-08, 2.8042082475226623e-05
6.28418945963976e-08, 2.7958080439511215e-05
6.29086057371581e-08, 2.7874330037116964e-05
6.297531687791862e-08, 2.779083051427469e-05
6.304202801867913e-08, 2.7707581119472832e-05
6.310873915943964e-08, 2.7624581103450747e-05
6.317545030020014e-08, 2.7541829719191932e-05
6.324216144096065e-08, 2.745932622191728e-05
6.330887258172115e-08, 2.737706986907847e-05
6.337558372248166e-08, 2.7295059920351198e-05
6.344229486324217e-08, 2.7213295637628566e-05
6.350900600400268e-08, 2.7131776285014428e-05
6.357571714476318e-08, 2.7050501128816832e-05
6.364242828552369e-08, 2.6969469437541332e-05
6.370913942628419e-08, 2.6888680481884468e-05
6.37758505670447e-08, 2.6808133534727182e-05
6.384256170780521e-08, 2.672782787112833e-05
6.390927284856572e-08, 2.6647762768318076e-05
6.397598398932622e-08, 2.6567937505691502e-05
6.404269513008673e-08, 2.648835136480201e-05
6.410940627084724e-08, 2.6409003629354962e-05
6.417611741160774e-08, 2.632989358520116e-05
6.424282855236825e-08, 2.6251020520330474e-05
6.430953969312876e-08, 2.6172383724865467e-05
6.437625083388926e-08, 2.6093982491054942e-05
6.444296197464977e-08, 2.6015816113267546e-05
6.450967311541028e-08, 2.593788388798554e-05
6.45763842561708e-08, 2.586018511379846e-05
6.464309539693129e-08, 2.578271909139667e-05
6.470980653769179e-08, 2.570548512356522e-05
6.477651767845231e-08, 2.5628482515177495e-05
6.484322881921281e-08, 2.555171057318903e-05
6.490993995997332e-08, 2.54751686066312e-05
6.497665110073382e-08, 2.5398855926605037e-05
6.504336224149435e-08, 2.5322771846275058e-05
6.511007338225484e-08, 2.524691568086308e-05
6.517678452301534e-08, 2.5171286747642016e-05
6.524349566377585e-08, 2.5095884365929784e-05
6.531020680453636e-08, 2.5020707857083157e-05
6.537691794529688e-08, 2.4945756544491705e-05
6.544362908605737e-08, 2.4871029753571632e-05
6.551034022681787e-08, 2.479652681175975e-05
6.55770513675784e-08, 2.4722247048507443e-05
6.56437625083389e-08, 2.464818979527465e-05
6.57104736490994e-08, 2.4574354385523784e-05
6.57771847898599e-08, 2.4500740154713756e-05
6.584389593062043e-08, 2.4427346440294043e-05
6.591060707138093e-08, 2.4354172581698743e-05
6.597731821214142e-08, 2.4281217920340512e-05
6.604402935290194e-08, 2.4208481799604776e-05
6.611074049366245e-08, 2.4135963564843717e-05
6.617745163442296e-08, 2.406366256337048e-05
6.624416277518346e-08, 2.399157814445325e-05
6.631087391594397e-08, 2.3919709659309367e-05
6.637758505670448e-08, 2.3848056461099552e-05
6.644429619746498e-08, 2.3776617904922074e-05
6.651100733822549e-08, 2.3705393347806903e-05
6.657771847898599e-08, 2.3634382148709972e-05
6.664442961974651e-08, 2.3563583668507407e-05
6.671114076050701e-08, 2.349299726998977e-05
6.677785190126752e-08, 2.342262231785629e-05
6.684456304202802e-08, 2.3352458178709226e-05
6.691127418278853e-08, 2.328250422104806e-05
6.697798532354904e-08, 2.3212759815263977e-05
6.704469646430954e-08, 2.3143224333634018e-05
6.711140760507005e-08, 2.3073897150315535e-05
6.717811874583056e-08, 2.3004777641340528e-05
6.724482988659107e-08, 2.2935865184610112e-05
6.731154102735157e-08, 2.2867159159888793e-05
6.737825216811207e-08, 2.2798658948798963e-05
6.744496330887259e-08, 2.2730363934815306e-05
6.751167444963309e-08, 2.2662273503259307e-05
6.75783855903936e-08, 2.2594387041293655e-05
6.76450967311541e-08, 2.2526703937916744e-05
6.771180787191463e-08, 2.2459223583957195e-05
6.777851901267512e-08, 2.2391945372068402e-05
6.784523015343562e-08, 2.2324868696722976e-05
6.791194129419613e-08, 2.225799295420739e-05
6.797865243495664e-08, 2.2191317542616487e-05
6.804536357571716e-08, 2.2124841861848127e-05
6.811207471647765e-08, 2.2058565313597703e-05
6.817878585723816e-08, 2.199248730135283e-05
6.824549699799868e-08, 2.1926607230387914e-05
6.831220813875917e-08, 2.1860924507758913e-05
6.837891927951969e-08, 2.1795438542297857e-05
6.84456304202802e-08, 2.1730148744607614e-05
6.851234156104071e-08, 2.1665054527056583e-05
6.85790527018012e-08, 2.1600155303773388e-05
6.864576384256172e-08, 2.153545049064161e-05
6.871247498332223e-08, 2.1470939505294514e-05
6.877918612408273e-08, 2.1406621767109893e-05
6.884589726484324e-08, 2.13424966972047e-05
6.891260840560374e-08, 2.1278563718429977e-05
6.897931954636426e-08, 2.1214822255365552e-05
6.904603068712476e-08, 2.1151271734314965e-05
6.911274182788527e-08, 2.1087911583300215e-05
6.917945296864577e-08, 2.1024741232056664e-05
6.924616410940628e-08, 2.0961760112027883e-05
6.931287525016679e-08, 2.0898967656360573e-05
6.937958639092729e-08, 2.08363632998994e-05
6.94462975316878e-08, 2.0773946479181975e-05
6.951300867244831e-08, 2.0711716632433712e-05
6.957971981320882e-08, 2.0649673199562886e-05
6.964643095396932e-08, 2.0587815622155472e-05
6.971314209472982e-08, 2.0526143343470174e-05
6.977985323549034e-08, 2.0464655808433413e-05
6.984656437625084e-08, 2.040335246363436e-05
6.991327551701135e-08, 2.0342232757319884e-05
6.997998665777185e-08, 2.0281296139389657e-05
7.004669779853237e-08, 2.022054206139116e-05
7.011340893929287e-08, 2.015996997651479e-05
7.018012008005337e-08, 2.0099579339588894e-05
7.024683122081388e-08, 2.003936960707488e-05
7.031354236157439e-08, 1.9979340237062333e-05
7.03802535023349e-08, 1.9919490689264147e-05
7.04469646430954e-08, 1.985982042501163e-05
7.05136757838559e-08, 1.9800328907249693e-05
7.058038692461643e-08, 1.9741015600531967e-05
7.064709806537692e-08, 1.9681879971016095e-05
7.071380920613743e-08, 1.962292148645876e-05
7.078052034689793e-08, 1.9564139616211046e-05
7.084723148765846e-08, 1.950553383121355e-05
7.091394262841896e-08, 1.944710360399175e-05
7.098065376917945e-08, 1.9388848408651135e-05
7.104736490993996e-08, 1.933076772087251e-05
7.111407605070048e-08, 1.92728610179073e-05
7.118078719146099e-08, 1.9215127778572846e-05
7.124749833222149e-08, 1.9157567483247693e-05
7.1314209472982e-08, 1.910017961386692e-05
7.138092061374251e-08, 1.9042963653917468e-05
7.1447631754503e-08, 1.8985919088433536e-05
7.151434289526352e-08, 1.8929045403991884e-05
7.158105403602401e-08, 1.8872342088707267e-05
7.164776517678454e-08, 1.8815808632227773e-05
7.171447631754504e-08, 1.8759444525730307e-05
7.178118745830555e-08, 1.8703249261915935e-05
7.184789859906605e-08, 1.8647222335005356e-05
7.191460973982656e-08, 1.859136324073433e-05
7.198132088058707e-08, 1.853567147634922e-05
7.204803202134757e-08, 1.848014654060231e-05
7.211474316210808e-08, 1.8424787933747452e-05
7.218145430286859e-08, 1.8369595157535464e-05
7.22481654436291e-08, 1.8314567715209723e-05
7.23148765843896e-08, 1.825970511150164e-05
7.23815877251501e-08, 1.8205006852626206e-05
7.244829886591062e-08, 1.8150472446277555e-05
7.251501000667112e-08, 1.8096101401624586e-05
7.258172114743163e-08, 1.8041893229306457e-05
7.264843228819213e-08, 1.798784744142823e-05
7.271514342895265e-08, 1.793396355155649e-05
7.278185456971315e-08, 1.7880241074714948e-05
7.284856571047365e-08, 1.7826679527380063e-05
7.291527685123416e-08, 1.7773278427476723e-05
7.298198799199467e-08, 1.772003729437387e-05
7.304869913275518e-08, 1.7666955648880234e-05
7.311541027351568e-08, 1.7614033013239943e-05
7.318212141427618e-08, 1.7561268911128276e-05
7.32488325550367e-08, 1.7508662867647357e-05
7.33155436957972e-08, 1.745621440932192e-05
7.338225483655771e-08, 1.740392306409496e-05
7.344896597731821e-08, 1.735178836132358e-05
7.351567711807874e-08, 1.7299809831774663e-05
7.358238825883923e-08, 1.724798700762078e-05
7.364909939959973e-08, 1.7196319422435838e-05
7.371581054036024e-08, 1.714480661119096e-05
7.378252168112076e-08, 1.7093448110250282e-05
7.384923282188127e-08, 1.704224345736679e-05
7.391594396264176e-08, 1.6991192191678144e-05
7.398265510340228e-08, 1.6940293853702548e-05
7.404936624416279e-08, 1.6889547985334583e-05
7.411607738492328e-08, 1.683895412984114e-05
7.41827885256838e-08, 1.678851183185724e-05
7.42494996664443e-08, 1.673822063738201e-05
7.431621080720482e-08, 1.668808009377452e-05
7.438292194796532e-08, 1.6638089749749776e-05
7.444963308872583e-08, 1.6588249155374617e-05
7.451634422948633e-08, 1.6538557862063676e-05
7.458305537024684e-08, 1.6489015422575344e-05
7.464976651100735e-08, 1.6439621391007788e-05
7.471647765176785e-08, 1.6390375322794844e-05
7.478318879252836e-08, 1.6341276774702083e-05
7.484989993328887e-08, 1.6292325304822795e-05
7.491661107404938e-08, 1.6243520472574077e-05
7.498332221480988e-08, 1.619486183869277e-05
7.505003335557038e-08, 1.6146348965231546e-05
7.51167444963309e-08, 1.6097981415554993e-05
7.51834556370914e-08, 1.6049758754335662e-05
7.525016677785191e-08, 1.6001680547550142e-05
7.531687791861241e-08, 1.5953746362475158e-05
7.538358905937293e-08, 1.5905955767683694e-05
7.545030020013343e-08, 1.5858308333041092e-05
7.551701134089393e-08, 1.5810803629701186e-05
7.558372248165444e-08, 1.5763441230102437e-05
7.565043362241495e-08, 1.5716220707964085e-05
7.571714476317546e-08, 1.5669141638282353e-05
7.578385590393596e-08, 1.5622203597326543e-05
7.585056704469647e-08, 1.5575406162635282e-05
7.591727818545698e-08, 1.5528748913012698e-05
7.598398932621748e-08, 1.5482231428524675e-05
7.605070046697799e-08, 1.5435853290494985e-05
7.611741160773849e-08, 1.538961408150157e-05
7.618412274849902e-08, 1.5343513385372793e-05
7.625083388925951e-08, 1.5297550787183724e-05
7.631754503002002e-08, 1.5251725873252308e-05
7.638425617078052e-08, 1.5206038231135722e-05
7.645096731154103e-08, 1.5160487449626626e-05
7.651767845230155e-08, 1.5115073118749504e-05
7.658438959306204e-08, 1.5069794829756927e-05
7.665110073382255e-08, 1.5024652175125885e-05
7.671781187458307e-08, 1.497964474855414e-05
7.678452301534358e-08, 1.4934772144956561e-05
7.685123415610408e-08, 1.489003396046146e-05
7.691794529686457e-08, 1.484542979240698e-05
7.69846564376251e-08, 1.4800959239337454e-05
7.70513675783856e-08, 1.4756621900999811e-05
7.711807871914611e-08, 1.4712417378339949e-05
7.71847898599066e-08, 1.4668345273499173e-05
7.725150100066713e-08, 1.4624405189810568e-05
7.731821214142763e-08, 1.4580596731795509e-05
7.738492328218813e-08, 1.4536919505160014e-05
7.745163442294864e-08, 1.4493373116791227e-05
7.751834556370915e-08, 1.4449957174753898e-05
7.758505670446966e-08, 1.440667128828687e-05
7.765176784523016e-08, 1.4363515067799487e-05
7.771847898599066e-08, 1.4320488124868172e-05
7.778519012675118e-08, 1.427759007223287e-05
7.785190126751168e-08, 1.4234820523793615e-05
7.791861240827219e-08, 1.4192179094607008e-05
7.798532354903269e-08, 1.4149665400882773e-05
7.805203468979321e-08, 1.4107279059980297e-05
7.811874583055371e-08, 1.406501969040522e-05
7.818545697131421e-08, 1.4022886911805942e-05
7.825216811207472e-08, 1.3980880344970242e-05
7.831887925283523e-08, 1.393899961182184e-05
7.838559039359574e-08, 1.3897244335417043e-05
7.845230153435624e-08, 1.3855614139941278e-05
7.851901267511675e-08, 1.3814108650705768e-05
7.858572381587726e-08, 1.3772727494144124e-05
7.865243495663776e-08, 1.3731470297809036e-05
7.871914609739827e-08, 1.3690336690368846e-05
7.878585723815877e-08, 1.3649326301604264e-05
7.88525683789193e-08, 1.3608438762404987e-05
7.891927951967979e-08, 1.3567673704766457e-05
7.89859906604403e-08, 1.3527030761786455e-05
7.90527018012008e-08, 1.3486509567661855e-05
7.911941294196131e-08, 1.3446109757685316e-05
7.918612408272182e-08, 1.3405830968242014e-05
7.925283522348232e-08, 1.336567283680634e-05
7.931954636424283e-08, 1.3325635001938658e-05
7.938625750500335e-08, 1.3285717103282046e-05
7.945296864576386e-08, 1.3245918781559078e-05
7.951967978652435e-08, 1.320623967856854e-05
7.958639092728485e-08, 1.316667943718224e-05
7.965310206804538e-08, 1.312723770134179e-05
7.971981320880588e-08, 1.3087914116055398e-05
7.978652434956639e-08, 1.3048708327394678e-05
7.985323549032688e-08, 1.3009619982491453e-05
7.991994663108741e-08, 1.2970648729534577e-05
7.998665777184791e-08, 1.2931794217766808e-05
8.00533689126084e-08, 1.2893056097481596e-05
8.012008005336892e-08, 1.285443402001997e-05
8.018679119412943e-08, 1.2815927637767365e-05
8.025350233488994e-08, 1.2777536604150564e-05
8.032021347565044e-08, 1.2739260573634504e-05
8.038692461641095e-08, 1.2701099201719197e-05
8.045363575717146e-08, 1.2663052144936627e-05
8.052034689793196e-08, 1.2625119060847673e-05
8.058705803869247e-08, 1.2587299608039006e-05
8.065376917945297e-08, 1.2549593446120015e-05
8.072048032021349e-08, 1.2512000235719759e-05
8.078719146097399e-08, 1.247451963848391e-05
8.08539026017345e-08, 1.2437151317071701e-05
8.0920613742495e-08, 1.2399894935152888e-05
8.098732488325551e-08, 1.2362750157404725e-05
8.105403602401602e-08, 1.232571664950896e-05
8.112074716477652e-08, 1.2288794078148803e-05
8.118745830553703e-08, 1.2251982111005943e-05
8.125416944629754e-08, 1.2215280416757532e-05
8.132088058705805e-08, 1.2178688665073261e-05
8.138759172781855e-08, 1.2142206526612323e-05
8.145430286857905e-08, 1.2105833673020476e-05
8.152101400933957e-08, 1.2069569776927065e-05
8.158772515010007e-08, 1.2033414511942143e-05
8.165443629086058e-08, 1.1997367552653456e-05
8.172114743162108e-08, 1.1961428574623542e-05
8.17878585723816e-08, 1.1925597254386818e-05
8.18545697131421e-08, 1.1889873269446678e-05
8.19212808539026e-08, 1.185425629827257e-05
8.198799199466311e-08, 1.1818746020297093e-05
8.205470313542362e-08, 1.1783342115913138e-05
8.212141427618414e-08, 1.1748044266471018e-05
8.218812541694463e-08, 1.1712852154275555e-05
8.225483655770513e-08, 1.1677765462583266e-05
8.232154769846566e-08, 1.1642783875599489e-05
8.238825883922615e-08, 1.1607907078475556e-05
8.245496997998667e-08, 1.1573134757305935e-05
8.252168112074716e-08, 1.153846659912543e-05
8.258839226150769e-08, 1.1503902291906341e-05
8.265510340226819e-08, 1.1469441524555698e-05
8.272181454302868e-08, 1.14350839869124e-05
8.27885256837892e-08, 1.1400829369744478e-05
8.285523682454971e-08, 1.1366677364746254e-05
8.292194796531022e-08, 1.133262766453565e-05
8.298865910607072e-08, 1.129867996265134e-05
8.305537024683123e-08, 1.1264833953550028e-05
8.312208138759174e-08, 1.1231089332603697e-05
8.318879252835224e-08, 1.119744579609688e-05
8.325550366911275e-08, 1.1163903041223877e-05
8.332221480987325e-08, 1.1130460766086093e-05
8.338892595063377e-08, 1.1097118669689276e-05
8.345563709139427e-08, 1.1063876451940836e-05
8.352234823215478e-08, 1.103073381364712e-05
8.358905937291528e-08, 1.0997690456510732e-05
8.365577051367579e-08, 1.0964746083127845e-05
8.37224816544363e-08, 1.0931900396985543e-05
8.37891927951968e-08, 1.0899153102459113e-05
8.385590393595731e-08, 1.0866503904809415e-05
8.392261507671782e-08, 1.0833952510180216e-05
8.398932621747833e-08, 1.0801498625595573e-05
8.405603735823883e-08, 1.0769141958957142e-05
8.412274849899933e-08, 1.07368822190416e-05
8.418945963975985e-08, 1.0704719115497985e-05
8.425617078052035e-08, 1.0672652358845126e-05
8.432288192128086e-08, 1.0640681660469e-05
8.438959306204136e-08, 1.0608806732620145e-05
8.445630420280189e-08, 1.0577027288411074e-05
8.452301534356238e-08, 1.0545343041813697e-05
8.458972648432288e-08, 1.051375370765674e-05
8.465643762508339e-08, 1.0482259001623178e-05
8.47231487658439e-08, 1.045085864024767e-05
8.478985990660442e-08, 1.0419552340914032e-05
8.485657104736491e-08, 1.0388339821852665e-05
8.492328218812541e-08, 1.0357220802138032e-05
8.498999332888594e-08, 1.0326195001686122e-05
8.505670446964643e-08, 1.0295262141251962e-05
8.512341561040695e-08, 1.0264421942427042e-05
8.519012675116744e-08, 1.0233674127636868e-05
8.525683789192797e-08, 1.0203018420138416e-05
8.532354903268847e-08, 1.0172454544017709e-05
8.539026017344896e-08, 1.0141982224187245e-05
8.545697131420949e-08, 1.0111601186383584e-05
8.552368245496999e-08, 1.0081311157164867e-05
8.55903935957305e-08, 1.0051111863908338e-05
8.5657104736491e-08, 1.0021003034807914e-05
8.572381587725152e-08, 9.990984398871704e-06
8.579052701801202e-08, 9.961055685919629e-06
8.585723815877252e-08, 9.931216626580918e-06
8.592394929953303e-08, 9.90146695229174e-06
8.599066044029354e-08, 9.871806395292749e-06
8.605737158105405e-08, 9.842234688626719e-06
8.612408272181455e-08, 9.812751566136081e-06
8.619079386257506e-08, 9.783356762460587e-06
8.625750500333557e-08, 9.754050013034862e-06
8.632421614409607e-08, 9.724831054086098e-06
8.639092728485658e-08, 9.695699622631614e-06
8.645763842561708e-08, 9.6666554564765e-06
8.65243495663776e-08, 9.63769829421128e-06
8.65910607071381e-08, 9.60882787520957e-06
8.665777184789861e-08, 9.580043939625674e-06
8.672448298865911e-08, 9.551346228392316e-06
8.679119412941962e-08, 9.52273448321824e-06
8.685790527018013e-08, 9.494208446585955e-06
8.692461641094063e-08, 9.465767861749362e-06
8.699132755170114e-08, 9.437412472731461e-06
8.705803869246165e-08, 9.409142024322054e-06
8.712474983322216e-08, 9.380956262075455e-06
8.719146097398266e-08, 9.352854932308166e-06
8.725817211474316e-08, 9.324837782096636e-06
8.732488325550369e-08, 9.296904559274944e-06
8.739159439626418e-08, 9.26905501243258e-06
8.74583055370247e-08, 9.241288890912118e-06
8.752501667778519e-08, 9.213605944807019e-06
8.759172781854572e-08, 9.186005924959337e-06
8.765843895930622e-08, 9.158488582957523e-06
8.772515010006671e-08, 9.131053671134144e-06
8.779186124082722e-08, 9.103700942563665e-06
8.785857238158774e-08, 9.076430151060244e-06
8.792528352234825e-08, 9.049241051175518e-06
8.799199466310875e-08, 9.022133398196367e-06
8.805870580386926e-08, 8.995106948142726e-06
8.812541694462977e-08, 8.968161457765394e-06
8.819212808539027e-08, 8.941296684543845e-06
8.825883922615078e-08, 8.914512386684036e-06
8.832555036691128e-08, 8.887808323116229e-06
8.83922615076718e-08, 8.861184253492836e-06
8.84589726484323e-08, 8.834639938186249e-06
8.852568378919281e-08, 8.808175138286675e-06
8.859239492995331e-08, 8.781789615599995e-06
8.865910607071382e-08, 8.755483132645613e-06
8.872581721147433e-08, 8.729255452654334e-06
8.879252835223483e-08, 8.703106339566218e-06
8.885923949299534e-08, 8.67703555802845e-06
8.892595063375585e-08, 8.651042873393233e-06
8.899266177451636e-08, 8.625128051715695e-06
8.905937291527686e-08, 8.599290859751742e-06
8.912608405603736e-08, 8.57353106495598e-06
8.919279519679788e-08, 8.54784843547963e-06
8.925950633755838e-08, 8.522242740168422e-06
8.932621747831889e-08, 8.496713748560539e-06
8.939292861907939e-08, 8.471261230884517e-06
8.945963975983991e-08, 8.445884958057185e-06
8.952635090060041e-08, 8.420584701681633e-06
8.959306204136091e-08, 8.395360234045103e-06
8.965977318212142e-08, 8.370211328116979e-06
8.972648432288193e-08, 8.345137757546719e-06
8.979319546364244e-08, 8.320139296661853e-06
8.985990660440294e-08, 8.295215720465914e-06
8.992661774516344e-08, 8.270366804636424e-06
8.999332888592396e-08, 8.245592325522894e-06
9.006004002668446e-08, 8.220892060144778e-06
9.012675116744497e-08, 8.196265786189499e-06
9.019346230820547e-08, 8.171713282010425e-06
9.0260173448966e-08, 8.147234326624878e-06
9.03268845897265e-08, 8.122828699712172e-06
9.039359573048699e-08, 8.098496181611583e-06
9.04603068712475e-08, 8.074236553320407e-06
9.052701801200802e-08, 8.050049596491977e-06
9.059372915276853e-08, 8.025935093433697e-06
9.066044029352902e-08, 8.001892827105088e-06
9.072715143428954e-08, 7.977922581115827e-06
9.079386257505005e-08, 7.954024139723803e-06
9.086057371581055e-08, 7.930197287833187e-06
9.092728485657106e-08, 7.906441810992478e-06
9.099399599733155e-08, 7.882757495392577e-06
9.106070713809208e-08, 7.859144127864857e-06
9.112741827885258e-08, 7.835601495879284e-06
9.119412941961309e-08, 7.81212938754244e-06
9.126084056037359e-08, 7.788727591595664e-06
9.13275517011341e-08, 7.765395897413132e-06
9.139426284189461e-08, 7.742134094999962e-06
9.146097398265511e-08, 7.718941974990339e-06
9.152768512341562e-08, 7.695819328645602e-06
9.159439626417613e-08, 7.67276594785239e-06
9.166110740493664e-08, 7.649781625120766e-06
9.172781854569714e-08, 7.6268661535823344e-06
9.179452968645764e-08, 7.604019326988393e-06
9.186124082721816e-08, 7.581240939708069e-06
9.192795196797866e-08, 7.558530786726477e-06
9.199466310873917e-08, 7.535888663642863e-06
9.206137424949967e-08, 7.5133143666687735e-06
9.21280853902602e-08, 7.490807692626212e-06
9.219479653102069e-08, 7.468368438945835e-06
9.226150767178119e-08, 7.445996403665085e-06
9.23282188125417e-08, 7.4236913854264135e-06
9.239492995330221e-08, 7.4014531834754424e-06
9.246164109406272e-08, 7.379281597659186e-06
9.252835223482322e-08, 7.357176428424214e-06
9.259506337558372e-08, 7.335137476814875e-06
9.266177451634424e-08, 7.313164544471509e-06
9.272848565710474e-08, 7.291257433628652e-06
9.279519679786525e-08, 7.269415947113267e-06
9.286190793862575e-08, 7.247639888342954e-06
9.292861907938628e-08, 7.225929061324191e-06
9.299533022014677e-08, 7.204283270650586e-06
9.306204136090727e-08, 7.182702321501077e-06
9.312875250166778e-08, 7.1611860196382134e-06
9.31954636424283e-08, 7.1397341714064005e-06
9.32621747831888e-08, 7.1183465837301435e-06
9.33288859239493e-08, 7.097023064112324e-06
9.339559706470982e-08, 7.075763420632464e-06
9.346230820547033e-08, 7.054567461944989e-06
9.352901934623082e-08, 7.033434997277533e-06
9.359573048699134e-08, 7.012365836429183e-06
9.366244162775183e-08, 6.991359789768795e-06
9.372915276851236e-08, 6.970416668233267e-06
9.379586390927286e-08, 6.949536283325877e-06
9.386257505003337e-08, 6.928718447114529e-06
9.392928619079387e-08, 6.907962972230107e-06
9.399599733155439e-08, 6.887269671864765e-06
9.406270847231489e-08, 6.8666383597702566e-06
9.412941961307539e-08, 6.846068850256256e-06
9.41961307538359e-08, 6.8255609581886905e-06
9.426284189459641e-08, 6.805114498988052e-06
9.432955303535692e-08, 6.78472928862778e-06
9.439626417611742e-08, 6.764405143632563e-06
9.446297531687792e-08, 6.744141881076699e-06
9.452968645763844e-08, 6.7239393185824646e-06
9.459639759839894e-08, 6.703797274318453e-06
9.466310873915945e-08, 6.683715566997955e-06
9.472981987991995e-08, 6.663694015877307e-06
9.479653102068047e-08, 6.643732440754282e-06
9.486324216144097e-08, 6.623830661966473e-06
9.492995330220147e-08, 6.6039885003896496e-06
9.499666444296198e-08, 6.584205777436166e-06
9.506337558372249e-08, 6.564482315053337e-06
9.5130086724483e-08, 6.544817935721876e-06
9.51967978652435e-08, 6.52521246245424e-06
9.526350900600401e-08, 6.505665718793079e-06
9.533022014676452e-08, 6.48617752880963e-06
9.539693128752502e-08, 6.4667477171021315e-06
9.546364242828553e-08, 6.447376108794262e-06
9.553035356904603e-08, 6.428062529533547e-06
9.559706470980656e-08, 6.408806805489792e-06
9.566377585056705e-08, 6.389608763353545e-06
9.573048699132756e-08, 6.370468230334494e-06
9.579719813208806e-08, 6.351385034159936e-06
9.586390927284857e-08, 6.3323590030732296e-06
9.593062041360909e-08, 6.313389965832241e-06
9.599733155436958e-08, 6.294477751707799e-06
9.60640426951301e-08, 6.275622190482172e-06
9.61307538358906e-08, 6.256823112447516e-06
9.619746497665112e-08, 6.238080348404379e-06
9.626417611741162e-08, 6.219393729660142e-06
9.633088725817211e-08, 6.200763088027519e-06
9.639759839893264e-08, 6.182188255823037e-06
9.646430953969314e-08, 6.1636690658655515e-06
9.653102068045365e-08, 6.145205351474698e-06
9.659773182121414e-08, 6.126796946469426e-06
9.666444296197467e-08, 6.1084436851664875e-06
9.673115410273517e-08, 6.090145402378956e-06
9.679786524349567e-08, 6.07190193341473e-06
9.686457638425618e-08, 6.053713114075056e-06
9.693128752501669e-08, 6.035578780653045e-06
9.69979986657772e-08, 6.017498769932218e-06
9.70647098065377e-08, 5.999472919185013e-06
9.71314209472982e-08, 5.981501066171326e-06
9.719813208805872e-08, 5.9635830491370616e-06
9.726484322881922e-08, 5.945718706812667e-06
9.733155436957973e-08, 5.927907878411686e-06
9.739826551034023e-08, 5.910150403629311e-06
9.746497665110075e-08, 5.89244612264093e-06
9.753168779186125e-08, 5.874794876100718e-06
9.759839893262175e-08, 5.857196505140158e-06
9.766511007338226e-08, 5.839650851366646e-06
9.773182121414277e-08, 5.822157756862051e-06
9.779853235490328e-08, 5.80471706418131e-06
9.786524349566378e-08, 5.787328616350978e-06
9.793195463642429e-08, 5.769992256867853e-06
9.79986657771848e-08, 5.752707829697535e-06
9.80653769179453e-08, 5.7354751792730456e-06
9.813208805870581e-08, 5.718294150493416e-06
9.819879919946631e-08, 5.701164588722292e-06
9.826551034022683e-08, 5.68408633978654e-06
9.833222148098733e-08, 5.66705924997488e-06
9.839893262174784e-08, 5.650083166036466e-06
9.846564376250834e-08, 5.6331579351795355e-06
9.853235490326885e-08, 5.616283405070022e-06
9.859906604402936e-08, 5.599459423830184e-06
9.866577718478986e-08, 5.582685840037248e-06
9.873248832555037e-08, 5.5659625027220315e-06
9.879919946631089e-08, 5.5492892613675906e-06
9.88659106070714e-08, 5.532665965907877e-06
9.89326217478319e-08, 5.516092466726364e-06
9.899933288859239e-08, 5.4995686146547155e-06
9.906604402935292e-08, 5.4830942609714375e-06
9.913275517011341e-08, 5.4666692574005495e-06
9.919946631087393e-08, 5.450293456110237e-06
9.926617745163442e-08, 5.433966709711526e-06
9.933288859239495e-08, 5.417688871256954e-06
9.939959973315545e-08, 5.401459794239259e-06
9.946631087391594e-08, 5.385279332590044e-06
9.953302201467646e-08, 5.369147340678475e-06
9.959973315543697e-08, 5.353063673309959e-06
9.966644429619748e-08, 5.337028185724855e-06
9.973315543695798e-08, 5.321040733597153e-06
9.979986657771849e-08, 5.305101173033181e-06
9.9866577718479e-08, 5.2892093605703126e-06
9.99332888592395e-08, 5.273365153175672e-06
1.0000000000000001e-07, 5.257568408244854e-06
