0.0, 0.0
6.6711140760507e-11, 0.00014837594563409033
1.33422281521014e-10, 0.00027631299725503324
2.0013342228152106e-10, 0.00038644479661012005
2.66844563042028e-10, 0.00048097700096346135
3.33555703802535e-10, 0.000561781530347437
4.002668445630421e-10, 0.0006304662251818075
4.669779853235491e-10, 0.0006884266619659545
5.33689126084056e-10, 0.0007368850159821657
6.004002668445631e-10, 0.0007769195089025137
6.6711140760507e-10, 0.0008094869985810589
7.338225483655771e-10, 0.0008354405576325675
8.005336891260842e-10, 0.00085554337314917
8.672448298865912e-10, 0.0008704799283967687
9.339559706470982e-10, 0.000880865159389745
1.0006671114076052e-09, 0.0008872520863203582
1.067378252168112e-09, 0.0008901382811459204
1.1340893929286192e-09, 0.0008899714331190193
1.2008005336891262e-09, 0.0008871542027339163
1.2675116744496331e-09, 0.0008820485035255544
1.33422281521014e-09, 0.0008749793146636707
1.4009339559706472e-09, 0.0008662381011972436
1.4676450967311542e-09, 0.0008560859001464547
1.534356237491661e-09, 0.0008447561172718061
1.6010673782521684e-09, 0.0008324570697408305
1.6677785190126754e-09, 0.0008193743029672551
1.7344896597731823e-09, 0.0008056727048355848
1.8012008005336893e-09, 0.0007914984367921191
1.8679119412941964e-09, 0.00077698069848939
1.934623082054703e-09, 0.0007622333405386178
2.0013342228152103e-09, 0.0007473563382598676
2.0680453635757174e-09, 0.0007324371379863615
2.134756504336224e-09, 0.000717551886383289
2.2014676450967313e-09, 0.0007027665523167764
2.2681787858572385e-09, 0.0006881379500100858
2.3348899266177452e-09, 0.0006737146715203413
2.4016010673782524e-09, 0.0006595379359385581
2.4683122081387595e-09, 0.0006456423621437597
2.5350233488992662e-09, 0.0006320566714181249
2.6017344896597734e-09, 0.0006188043257473789
2.66844563042028e-09, 0.000605904107183817
2.7351567711807873e-09, 0.000593370643234784
2.8018679119412944e-09, 0.0005812148828542448
2.868579052701801e-09, 0.0005694445272570561
2.9352901934623083e-09, 0.0005580644194428212
3.0020013342228155e-09, 0.000547076896007138
3.068712474983322e-09, 0.0005364821045312132
3.1354236157438293e-09, 0.000526278289574822
3.202134756504337e-09, 0.0005164620500511952
3.2688458972648436e-09, 0.0005070285705343883
3.3355570380253508e-09, 0.0004979718288388726
3.402268178785858e-09, 0.0004892847820163651
3.4689793195463647e-09, 0.0004809595327352242
3.535690460306872e-09, 0.0004729874778420618
3.6024016010673785e-09, 0.00046535944075257006
3.6691127418278857e-09, 0.00045806578917804357
3.735823882588393e-09, 0.0004510965395647851
3.8025350233489e-09, 0.0004444414495047291
3.869246164109406e-09, 0.00043809009926638903
3.9359573048699135e-09, 0.0004320319634949446
4.002668445630421e-09, 0.0004262564740382157
4.069379586390928e-09, 0.0004207530747708263
4.136090727151435e-09, 0.00041551126921140883
4.202801867911942e-09, 0.0004105206616567294
4.269513008672448e-09, 0.00040577099249158866
4.3362241494329555e-09, 0.00040125216827380017
4.402935290193463e-09, 0.00039695428713905416
4.46964643095397e-09, 0.0003928676600205928
4.536357571714477e-09, 0.0003889828281330202
4.603068712474983e-09, 0.0003852905771278654
4.6697798532354904e-09, 0.0003817819482904171
4.7364909939959976e-09, 0.0003784482471125366
4.803202134756505e-09, 0.0003752810495443801
4.869913275517012e-09, 0.0003722722061989512
4.936624416277519e-09, 0.0003694138447569517
5.003335557038025e-09, 0.0003666983707952697
5.0700466977985325e-09, 0.00036411846724045626
5.13675783855904e-09, 0.00036166709262851763
5.203468979319547e-09, 0.00035933747833410983
5.270180120080054e-09, 0.0003571231249156361
5.33689126084056e-09, 0.0003550177977076516
5.403602401601067e-09, 0.00035301552177827107
5.4703135423615745e-09, 0.00035111057635681255
5.537024683122082e-09, 0.00034929748882560823
5.603735823882589e-09, 0.0003475710283596481
5.670446964643096e-09, 0.0003459261992884343
5.737158105403602e-09, 0.0003443582342459954
5.8038692461641095e-09, 0.00034286258716739276
5.870580386924617e-09, 0.00034143492618315816
5.937291527685124e-09, 0.0003400711264568814
6.004002668445631e-09, 0.0003387672630055409
6.070713809206137e-09, 0.0003375196035371158
6.137424949966644e-09, 0.00033632460133544746
6.2041360907271515e-09, 0.00033517888821822536
6.270847231487659e-09, 0.00033407926759028086
6.337558372248166e-09, 0.00033302270761107134
6.404269513008674e-09, 0.00033200633449227744
6.47098065376918e-09, 0.0003310274259387873
6.537691794529687e-09, 0.000330083404743981
6.604402935290194e-09, 0.0003291718325481248
6.6711140760507016e-09, 0.00032829040376681443
6.737825216811209e-09, 0.0003274369396947455
6.804536357571716e-09, 0.0003266093827886278
6.871247498332222e-09, 0.0003258057911317606
6.937958639092729e-09, 0.0003250243330816548
7.0046697798532365e-09, 0.0003242632821010874
7.071380920613744e-09, 0.00032352101177210934
7.138092061374251e-09, 0.00032279599099177157
7.204803202134757e-09, 0.00032208677934768623
7.271514342895264e-09, 0.00032139202267097983
7.338225483655771e-09, 0.00032071044876372213
7.4049366244162785e-09, 0.00032004086329751486
7.471647765176786e-09, 0.00031938214587959015
7.538358905937292e-09, 0.0003187332462824931
7.6050700466978e-09, 0.00031809318083320505
7.671781187458306e-09, 0.00031746102895738695
7.738492328218813e-09, 0.0003168359298742917
7.80520346897932e-09, 0.0003162170794377984
7.871914609739827e-09, 0.00031560372711895697
7.938625750500335e-09, 0.0003149951731253998
8.005336891260841e-09, 0.00031439076565296654
8.07204803202135e-09, 0.0003137898982649006
8.138759172781855e-09, 0.0003131920073940061
8.205470313542362e-09, 0.00031259656996320635
8.27218145430287e-09, 0.00031200310112
8.338892595063376e-09, 0.00031141115208039303
8.405603735823884e-09, 0.0003108203080779592
8.47231487658439e-09, 0.0003102301864137836
8.539026017344897e-09, 0.0003096404346031349
8.605737158105405e-09, 0.00030905072861482326
8.672448298865911e-09, 0.0003084607711993034
8.739159439626419e-09, 0.0003078702903017019
8.805870580386925e-09, 0.00030727903755605634
8.872581721147432e-09, 0.00030668678685717417
8.93929286190794e-09, 0.0003060933330066367
9.006004002668446e-09, 0.00030549849042958705
9.072715143428954e-09, 0.0003049020919590624
9.13942628418946e-09, 0.0003043039876847483
9.206137424949967e-09, 0.00030370404386314046
9.272848565710475e-09, 0.0003031021418862227
9.339559706470981e-09, 0.0003024981773058758
9.406270847231489e-09, 0.0003018920589113417
9.472981987991995e-09, 0.0003012837078571788
9.539693128752503e-09, 0.00030067305683924376
9.60640426951301e-09, 0.0003000600493163427
9.673115410273516e-09, 0.00029944463877528885
9.739826551034024e-09, 0.0002988267880372062
9.80653769179453e-09, 0.00029820646860300663
9.873248832555038e-09, 0.00029758366003606365
9.939959973315544e-09, 0.00029695834938019074
1.000667111407605e-08, 0.00029633053061111855
1.0073382254836559e-08, 0.00029570020411974707
1.0140093395597065e-08, 0.000295067376225527
1.0206804536357573e-08, 0.000294432058718403
1.027351567711808e-08, 0.0002937942684278204
1.0340226817878586e-08, 0.0002931540268173744
1.0406937958639094e-08, 0.0002925113596037396
1.04736490993996e-08, 0.00029186629639859154
1.0540360240160108e-08, 0.0002912188703722868
1.0607071380920614e-08, 0.000290569117938134
1.067378252168112e-08, 0.00028991707845614034
1.0740493662441628e-08, 0.0002892627939551778
1.0807204803202135e-08, 0.00028860630887256
1.0873915943962643e-08, 0.0002879476698100781
1.0940627084723149e-08, 0.0002872869253055838
1.1007338225483657e-08, 0.00028662412561926144
1.1074049366244163e-08, 0.0002859593225337677
1.114076050700467e-08, 0.00028529256916746525
1.1207471647765178e-08, 0.00028462391980001194
1.1274182788525684e-08, 0.0002839534297096079
1.1340893929286192e-08, 0.0002832811550212372
1.1407605070046698e-08, 0.0002826071525652781
1.1474316210807205e-08, 0.0002819314797458847
1.1541027351567713e-08, 0.0002812541944185765
1.1607738492328219e-08, 0.0002805753547765042
1.1674449633088727e-08, 0.00027989501924488276
1.1741160773849233e-08, 0.00027921324638311546
1.180787191460974e-08, 0.0002785300947941546
1.1874583055370248e-08, 0.00027784562304067047
1.1941294196130754e-08, 0.0002771598895676231
1.2008005336891262e-08, 0.0002764729526308529
1.2074716477651768e-08, 0.00027578487023132694
1.2141427618412274e-08, 0.0002750957000546995
1.2208138759172782e-08, 0.0002744054994158603
1.2274849899933289e-08, 0.00027371432520816665
1.2341561040693797e-08, 0.0002730222338570682
1.2408272181454303e-08, 0.0002723292812778518
1.2474983322214811e-08, 0.0002716355228372486
1.2541694462975317e-08, 0.00027094101331865913
1.2608405603735824e-08, 0.00027024580689076694
1.2675116744496332e-08, 0.0002695499570793234
1.2741827885256838e-08, 0.00026885351674189905
1.2808539026017348e-08, 0.0002681565380454087
1.2875250166777854e-08, 0.0002674590724462278
1.294196130753836e-08, 0.0002667611706727289
1.3008672448298868e-08, 0.0002660628827100759
1.3075383589059375e-08, 0.00026536425778712425
1.3142094729819882e-08, 0.0002646653443652834
1.3208805870580389e-08, 0.00026396619012920543
1.3275517011340895e-08, 0.0002632668419791743
1.3342228152101403e-08, 0.00026256734602507503
1.340893929286191e-08, 0.00026186774758182803
1.3475650433622417e-08, 0.0002611680911661876
1.3542361574382924e-08, 0.0002604684204947992
1.3609072715143432e-08, 0.00025976877848342585
1.3675783855903938e-08, 0.0002590692072472529
1.3742494996664444e-08, 0.00025836974810219043
1.3809206137424952e-08, 0.0002576704415670947
1.3875917278185459e-08, 0.00025697132736683415
1.3942628418945967e-08, 0.000256272444436135
1.4009339559706473e-08, 0.0002555738309241383
1.407605070046698e-08, 0.0002548755241996105
1.4142761841227487e-08, 0.00025417756085675076
1.4209472981987994e-08, 0.0002534799767215413
1.4276184122748502e-08, 0.00025278280685859167
1.4342895263509008e-08, 0.00025208608557843046
1.4409606404269514e-08, 0.00025138984644520107
1.4476317545030022e-08, 0.00025069412228472063
1.4543028685790528e-08, 0.00024999894519286443
1.4609739826551036e-08, 0.00024930434654423986
1.4676450967311543e-08, 0.0002486103570011176
1.4743162108072049e-08, 0.00024791700652258727
1.4809873248832557e-08, 0.0002472243243739121
1.4876584389593063e-08, 0.00024653233913605126
1.494329553035357e-08, 0.0002458410787153283
1.501000667111408e-08, 0.0002451505703532216
1.5076717811874584e-08, 0.0002444608406362533
1.5143428952635092e-08, 0.00024377191550595996
1.52101400933956e-08, 0.00024308382026892245
1.5276851234156105e-08, 0.0002423965796068407
1.5343562374916613e-08, 0.00024171021758663612
1.541027351567712e-08, 0.0002410247576705663
1.5476984656437625e-08, 0.0002403402227263395
1.5543695797198133e-08, 0.00023965663503721488
1.561040693795864e-08, 0.00023897401631207802
1.567711807871915e-08, 0.0002382923876954801
1.5743829219479654e-08, 0.00023761176977763135
1.5810540360240162e-08, 0.0002369321826043393
1.587725150100067e-08, 0.00023625364568688413
1.5943962641761174e-08, 0.00023557617801182277
1.6010673782521682e-08, 0.0002348997980507155
1.607738492328219e-08, 0.00023422452376976841
1.61440960640427e-08, 0.00023355037263938618
1.6210807204803203e-08, 0.00023287736164363004
1.627751834556371e-08, 0.00023220550728957613
1.634422948632422e-08, 0.00023153482561657035
1.6410940627084724e-08, 0.00023086533220537583
1.647765176784523e-08, 0.00023019704218721
1.654436290860574e-08, 0.00022952997025266802
1.6611074049366244e-08, 0.00022886413066053018
1.6677785190126752e-08, 0.00022819953724645154
1.674449633088726e-08, 0.00022753620343153117
1.6811207471647768e-08, 0.00022687414223076008
1.6877918612408273e-08, 0.0002262133662613464
1.694462975316878e-08, 0.00022555388775091626
1.701134089392929e-08, 0.0002248957185455906
1.7078052034689793e-08, 0.00022423887011793626
1.71447631754503e-08, 0.00022358335357479164
1.721147431621081e-08, 0.0002229291796649669
1.7278185456971317e-08, 0.0002222763587868176
1.7344896597731822e-08, 0.00022162490099569325
1.741160773849233e-08, 0.00022097481601126046
1.7478318879252838e-08, 0.0002203261132247009
1.7545030020013343e-08, 0.00021967880170578502
1.761174116077385e-08, 0.00021903289020982212
1.767845230153436e-08, 0.00021838838718448721
1.7745163442294863e-08, 0.00021774530077652612
1.781187458305537e-08, 0.00021710363883833942
1.787858572381588e-08, 0.0002164634089344459
1.7945296864576387e-08, 0.00021582461834782744
1.8012008005336892e-08, 0.00021518727408615605
1.80787191460974e-08, 0.00021455138288790416
1.8145430286857908e-08, 0.00021391695122833967
1.8212141427618412e-08, 0.0002132839853254071
1.827885256837892e-08, 0.00021265249114549593
1.834556370913943e-08, 0.00021202247440909797
1.8412274849899933e-08, 0.00021139394059635486
1.847898599066044e-08, 0.0002107668949524972
1.854569713142095e-08, 0.00021014134249317703
1.8612408272181457e-08, 0.00020951728800969467
1.8679119412941962e-08, 0.00020889473607412228
1.874583055370247e-08, 0.00020827369104432463
1.8812541694462978e-08, 0.00020765415706887956
1.8879252835223482e-08, 0.00020703613809189907
1.894596397598399e-08, 0.00020641963785775303
1.9012675116744498e-08, 0.0002058046599156963
1.9079386257505006e-08, 0.0002051912076244022
1.914609739826551e-08, 0.00020457928415640254
1.921280853902602e-08, 0.0002039688925024363
1.9279519679786527e-08, 0.00020336003547570858
1.934623082054703e-08, 0.00020275271571606145
1.941294196130754e-08, 0.00020214693569405785
1.9479653102068047e-08, 0.00020154269771498014
1.9546364242828552e-08, 0.00020094000392274574
1.961307538358906e-08, 0.0002003388563037393
1.9679786524349568e-08, 0.0001997392566905655
1.9746497665110076e-08, 0.0001991412067657217
1.981320880587058e-08, 0.00019854470806519327
1.987991994663109e-08, 0.00019794976198197263
1.9946631087391597e-08, 0.00019735636976950295
2.00133422281521e-08, 0.00019676453254504923
2.008005336891261e-08, 0.00019617425129299647
2.0146764509673117e-08, 0.00019558552686807745
2.0213475650433625e-08, 0.0001949983599985316
2.028018679119413e-08, 0.00019441275128919533
2.0346897931954638e-08, 0.0001938287012245259
2.0413609072715146e-08, 0.00019324621017156011
2.048032021347565e-08, 0.00019266527838280865
2.054703135423616e-08, 0.00019208590599908791
2.0613742494996667e-08, 0.0001915080930522904
2.068045363575717e-08, 0.0001909318394680943
2.074716477651768e-08, 0.00019035714506861426
2.0813875917278187e-08, 0.00018978400957499455
2.0880587058038695e-08, 0.00018921243260994525
2.09472981987992e-08, 0.00018864241370022267
2.1014009339559708e-08, 0.00018807395227905542
2.1080720480320216e-08, 0.00018750704768851788
2.114743162108072e-08, 0.00018694169918185007
2.121414276184123e-08, 0.00018637790592572774
2.1280853902601736e-08, 0.00018581566700248133
2.134756504336224e-08, 0.00018525498141226665
2.141427618412275e-08, 0.0001846958480751871
2.1480987324883257e-08, 0.00018413826583336878
2.1547698465643765e-08, 0.0001835822334529899
2.161440960640427e-08, 0.0001830277496262652
2.1681120747164778e-08, 0.00018247481297338538
2.1747831887925286e-08, 0.00018192342204441467
2.181454302868579e-08, 0.0001813735753211447
2.1881254169446298e-08, 0.00018082527121890814
2.1947965310206806e-08, 0.0001802785080883511
2.2014676450967314e-08, 0.0001797332842171663
2.208138759172782e-08, 0.00017918959783178696
2.2148098732488327e-08, 0.0001786474470990434
2.2214809873248835e-08, 0.0001781068301277817
2.228152101400934e-08, 0.00017756774497044655
2.2348232154769847e-08, 0.0001770301896246283
2.2414943295530355e-08, 0.000176494162034575
2.248165443629086e-08, 0.00017595966009267082
2.2548365577051368e-08, 0.00017542668164088058
2.2615076717811876e-08, 0.0001748952244721622
2.2681787858572384e-08, 0.0001743652863318466
2.274849899933289e-08, 0.00017383686491898696
2.2815210140093397e-08, 0.000173309957887677
2.2881921280853905e-08, 0.00017278456284833976
2.294863242161441e-08, 0.00017226067736898662
2.3015343562374917e-08, 0.00017173829897644823
2.3082054703135425e-08, 0.00017121742515757715
2.314876584389593e-08, 0.00017069805336042296
2.3215476984656438e-08, 0.00017018018099538117
2.3282188125416946e-08, 0.00016966380543631526
2.3348899266177454e-08, 0.0001691489240216536
2.341561040693796e-08, 0.00016863553405546103
2.3482321547698466e-08, 0.00016812363280848587
2.3549032688458974e-08, 0.0001676132175191833
2.361574382921948e-08, 0.00016710428539471497
2.3682454969979987e-08, 0.0001665968336119256
2.3749166110740495e-08, 0.00016609085931829765
2.3815877251501003e-08, 0.0001655863596328833
2.3882588392261508e-08, 0.00016508333164721572
2.3949299533022016e-08, 0.0001645817724261987
2.4016010673782524e-08, 0.00016408167900897633
2.4082721814543028e-08, 0.00016358304840978207
2.4149432955303536e-08, 0.0001630858776187687
2.4216144096064044e-08, 0.0001625901636028185
2.428285523682455e-08, 0.0001620959033063352
2.4349566377585057e-08, 0.00016160309365201756
2.4416277518345565e-08, 0.0001611117315416141
2.4482988659106073e-08, 0.00016062181385666157
2.4549699799866577e-08, 0.00016013333745920538
2.4616410940627085e-08, 0.00015964629919250348
2.4683122081387593e-08, 0.00015916069588171392
2.4749833222148098e-08, 0.0001586765243345662
2.4816544362908606e-08, 0.000158193781342017
2.4883255503669114e-08, 0.00015771246367889051
2.4949966644429622e-08, 0.00015723256810450397
2.5016677785190127e-08, 0.0001567540913632781
2.5083388925950635e-08, 0.0001562770301853337
2.5150100066711143e-08, 0.00015580138128707362
2.5216811207471647e-08, 0.00015532714137175176
2.5283522348232155e-08, 0.00015485430713002796
2.5350233488992663e-08, 0.00015438287524051014
2.5416944629753168e-08, 0.00015391284237028353
2.5483655770513676e-08, 0.0001534442051754274
2.5550366911274184e-08, 0.00015297696030151957
2.5617078052034695e-08, 0.00015251110438412865
2.56837891927952e-08, 0.00015204663404929506
2.5750500333555708e-08, 0.0001515835459140002
2.5817211474316216e-08, 0.00015112183658662432
2.588392261507672e-08, 0.00015066150266739408
2.595063375583723e-08, 0.0001502025407488186
2.6017344896597736e-08, 0.00014974494741611582
2.6084056037358244e-08, 0.0001492887192476278
2.615076717811875e-08, 0.00014883385281522682
2.6217478318879257e-08, 0.000148380344684711
2.6284189459639765e-08, 0.00014792819141619095
2.635090060040027e-08, 0.0001474773895644669
2.6417611741160778e-08, 0.0001470279356793962
2.6484322881921286e-08, 0.00014657982630625265
2.655103402268179e-08, 0.00014613305798607672
2.6617745163442298e-08, 0.000145687627256017
2.6684456304202806e-08, 0.00014524353064966392
2.6751167444963314e-08, 0.0001448007646973746
2.681787858572382e-08, 0.00014435932592659045
2.6884589726484327e-08, 0.00014391921086214632
2.6951300867244835e-08, 0.0001434804160265723
2.701801200800534e-08, 0.0001430429379403884
2.7084723148765847e-08, 0.00014260677312239134
2.7151434289526355e-08, 0.00014217191808993458
2.7218145430286863e-08, 0.0001417383693592014
2.7284856571047368e-08, 0.00014130612344547105
2.7351567711807876e-08, 0.00014087517686337835
2.7418278852568384e-08, 0.00014044552612716668
2.748498999332889e-08, 0.00014001716775093485
2.7551701134089397e-08, 0.00013959009824887733
2.7618412274849905e-08, 0.00013916431413551897
2.768512341561041e-08, 0.0001387398119259433
2.7751834556370917e-08, 0.00013831658813601532
2.7818545697131425e-08, 0.00013789463928259857
2.7885256837891933e-08, 0.0001374739618837665
2.7951967978652438e-08, 0.0001370545524590087
2.8018679119412946e-08, 0.00013663640752943154
2.8085390260173454e-08, 0.000136219523617954
2.815210140093396e-08, 0.0001358038972494979
2.8218812541694466e-08, 0.00013538952495117387
2.8285523682454974e-08, 0.000134976403252462
2.8352234823215482e-08, 0.0001345645286853878
2.8418945963975987e-08, 0.00013415389778469403
2.8485657104736495e-08, 0.00013374450708800704
2.8552368245497003e-08, 0.00013333635313599997
2.8619079386257508e-08, 0.00013292943247255056
2.8685790527018016e-08, 0.0001325237416448954
2.8752501667778524e-08, 0.0001321192772037797
2.8819212808539028e-08, 0.0001317160357036034
2.8885923949299536e-08, 0.00013131401370256287
2.8952635090060044e-08, 0.00013091320776278942
2.9019346230820552e-08, 0.00013051361445048327
2.9086057371581057e-08, 0.0001301152303360445
2.9152768512341565e-08, 0.0001297180519942003
2.9219479653102073e-08, 0.00012932207600412836
2.9286190793862578e-08, 0.00012892729894957726
2.9352901934623086e-08, 0.00012853371741898317
2.9419613075383593e-08, 0.0001281413280055839
2.9486324216144098e-08, 0.00012775012730752866
2.9553035356904606e-08, 0.00012736011192798587
2.9619746497665114e-08, 0.00012697127847524728
2.9686457638425622e-08, 0.00012658362356282924
2.9753168779186127e-08, 0.00012619714380957087
2.981987991994664e-08, 0.00012581183583972998
2.988659106070714e-08, 0.0001254276962830756
2.995330220146765e-08, 0.0001250447217749778
3.002001334222816e-08, 0.00012466290895649557
3.0086724482988663e-08, 0.00012428225447446114
3.015343562374917e-08, 0.00012390275498156257
3.022014676450968e-08, 0.00012352440713642336
3.0286857905270184e-08, 0.00012314720760367987
3.035356904603069e-08, 0.00012277115305405636
3.04202801867912e-08, 0.0001223962401644376
3.0486991327551705e-08, 0.00012202246561793958
3.055370246831221e-08, 0.00012164982610397735
3.062041360907272e-08, 0.00012127831831833164
3.0687124749833225e-08, 0.00012090793896321229
3.075383589059373e-08, 0.00012053868474732075
3.082054703135424e-08, 0.00012017055238590965
3.0887258172114746e-08, 0.00011980353860084099
3.095396931287525e-08, 0.00011943764012064212
3.102068045363576e-08, 0.00011907285368055999
3.1087391594396266e-08, 0.00011870917602261359
3.115410273515678e-08, 0.00011834660389564452
3.122081387591728e-08, 0.00011798513405536574
3.128752501667779e-08, 0.00011762476326440896
3.13542361574383e-08, 0.00011726548829237003
3.14209472981988e-08, 0.0001169073059158527
3.148765843895931e-08, 0.00011655021291851127
3.155436957971982e-08, 0.00011619420609109098
3.1621080720480324e-08, 0.00011583928223146747
3.168779186124083e-08, 0.00011548543814468447
3.175450300200134e-08, 0.00011513267064299022
3.1821214142761844e-08, 0.00011478097654587222
3.188792528352235e-08, 0.00011443035268009108
3.195463642428286e-08, 0.00011408079587971237
3.2021347565043365e-08, 0.0001137323029861378
3.208805870580387e-08, 0.00011338487084813481
3.215476984656438e-08, 0.00011303849632186475
3.2221480987324885e-08, 0.00011269317627091036
3.22881921280854e-08, 0.00011234890756630137
3.2354903268845895e-08, 0.00011200568708653975
3.2421614409606406e-08, 0.0001116635117176229
3.248832555036691e-08, 0.00011132237835306661
3.255503669112742e-08, 0.00011098228389392637
3.2621747831887927e-08, 0.00011064322524881781
3.268845897264844e-08, 0.00011030519933393617
3.2755170113408936e-08, 0.00010996820307307458
3.282188125416945e-08, 0.00010963223339764164
3.288859239492995e-08, 0.00010929728724667781
3.295530353569046e-08, 0.00010896336156687085
3.302201467645097e-08, 0.00010863045331257066
3.308872581721148e-08, 0.00010829855944580271
3.3155436957971984e-08, 0.00010796767693628119
3.322214809873249e-08, 0.00010763780276142077
3.328885923949299e-08, 0.00010730893390634803
3.3355570380253504e-08, 0.00010698106736391166
3.342228152101401e-08, 0.00010665420013469214
3.348899266177452e-08, 0.00010632832922701043
3.3555703802535025e-08, 0.00010600345165693637
3.3622414943295536e-08, 0.0001056795644482956
3.3689126084056034e-08, 0.00010535666463267664
3.3755837224816546e-08, 0.00010503474924943627
3.382254836557705e-08, 0.00010471381534570551
3.388925950633756e-08, 0.00010439385997639348
3.3955970647098066e-08, 0.00010407488020419202
3.402268178785858e-08, 0.00010375687309957846
3.408939292861908e-08, 0.00010343983574081867
3.415610406937959e-08, 0.00010312376521396916
3.42228152101401e-08, 0.00010280865861287838
3.42895263509006e-08, 0.00010249451303918805
3.4356237491661114e-08, 0.0001021813256023332
3.442294863242162e-08, 0.0001018690934195423
3.448965977318213e-08, 0.00010155781361583642
3.4556370913942635e-08, 0.00010124748332402826
3.462308205470314e-08, 0.0001009380996847203
3.4689793195463644e-08, 0.00010062965984630287
3.4756504336224155e-08, 0.00010032216096495105
3.482321547698466e-08, 0.00010001560020462226
3.488992661774517e-08, 9.970997473705212e-05
3.4956637758505676e-08, 9.940528174175088e-05
3.502334889926619e-08, 9.91015184059985e-05
3.5090060040026685e-08, 9.879868192484061e-05
3.5156771180787197e-08, 9.84967695010824e-05
3.52234823215477e-08, 9.819577834528367e-05
3.529019346230821e-08, 9.789570567575237e-05
3.535690460306872e-08, 9.759654871853862e-05
3.542361574382923e-08, 9.729830470742738e-05
3.5490326884589727e-08, 9.70009708839321e-05
3.555703802535024e-08, 9.670454449728644e-05
3.562374916611074e-08, 9.640902280443724e-05
3.5690460306871254e-08, 9.611440307003583e-05
3.575717144763176e-08, 9.582068256642984e-05
3.582388258839227e-08, 9.55278585736545e-05
3.5890593729152774e-08, 9.523592837942339e-05
3.595730486991328e-08, 9.494488927911935e-05
3.6024016010673784e-08, 9.465473857578459e-05
3.6090727151434295e-08, 9.436547358011095e-05
3.61574382921948e-08, 9.407709161042976e-05
3.622414943295531e-08, 9.378958999270106e-05
3.6290860573715816e-08, 9.350296606050355e-05
3.635757171447633e-08, 9.321721715502288e-05
3.6424282855236825e-08, 9.29323406250411e-05
3.6490993995997336e-08, 9.264833382692483e-05
3.655770513675784e-08, 9.236519412461386e-05
3.662441627751835e-08, 9.208291888960914e-05
3.669112741827886e-08, 9.18015055009608e-05
3.675783855903937e-08, 9.152095134525575e-05
3.6824549699799866e-08, 9.124125381660532e-05
3.689126084056038e-08, 9.096241031663234e-05
3.695797198132088e-08, 9.068441825445867e-05
3.7024683122081393e-08, 9.040727504669164e-05
3.70913942628419e-08, 9.013097811741121e-05
3.715810540360241e-08, 8.985552489815637e-05
3.7224816544362914e-08, 8.95809128279115e-05
3.729152768512342e-08, 8.930713935309276e-05
3.7358238825883923e-08, 8.903420192753417e-05
3.7424949966644435e-08, 8.87620980124734e-05
3.749166110740494e-08, 8.849082507653779e-05
3.755837224816545e-08, 8.822038059572972e-05
3.7625083388925955e-08, 8.795076205341246e-05
3.7691794529686467e-08, 8.768196694029512e-05
3.7758505670446965e-08, 8.741399275441836e-05
3.7825216811207476e-08, 8.71468370011391e-05
3.789192795196798e-08, 8.688049719311582e-05
3.795863909272849e-08, 8.661497085029316e-05
3.8025350233488997e-08, 8.635025549988702e-05
3.809206137424951e-08, 8.608634867636877e-05
3.815877251501001e-08, 8.582324792145035e-05
3.822548365577052e-08, 8.556095078406815e-05
3.829219479653102e-08, 8.529945482036778e-05
3.835890593729153e-08, 8.503875759368816e-05
3.842561707805204e-08, 8.477885667454556e-05
3.849232821881255e-08, 8.451974964061795e-05
3.8559039359573054e-08, 8.426143407672876e-05
3.8625750500333565e-08, 8.400390757483077e-05
3.869246164109406e-08, 8.374716773399023e-05
3.8759172781854574e-08, 8.349121216037018e-05
3.882588392261508e-08, 8.323603846721462e-05
3.889259506337559e-08, 8.298164427483152e-05
3.8959306204136095e-08, 8.272802721057704e-05
3.9026017344896606e-08, 8.247518490883831e-05
3.9092728485657104e-08, 8.222311501101754e-05
3.9159439626417616e-08, 8.19718151655148e-05
3.922615076717812e-08, 8.172128302771169e-05
3.929286190793863e-08, 8.147151625995438e-05
3.9359573048699136e-08, 8.122251253153691e-05
3.942628418945965e-08, 8.097426951868438e-05
3.949299533022015e-08, 8.072678490453592e-05
3.955970647098066e-08, 8.048005637912788e-05
3.962641761174116e-08, 8.023408163937678e-05
3.969312875250167e-08, 7.998885838906219e-05
3.975983989326218e-08, 7.974438433881003e-05
3.982655103402269e-08, 7.950065720607504e-05
3.9893262174783193e-08, 7.925767471512388e-05
3.9959973315543705e-08, 7.9015434597018e-05
4.00266844563042e-08, 7.877393458959635e-05
4.0093395597064714e-08, 7.85331724374582e-05
4.016010673782522e-08, 7.8293145891946e-05
4.022681787858573e-08, 7.805385271112791e-05
4.0293529019346235e-08, 7.781529065978078e-05
4.0360240160106746e-08, 7.75774575093726e-05
4.042695130086725e-08, 7.734035103804535e-05
4.0493662441627755e-08, 7.710396903059757e-05
4.056037358238826e-08, 7.686830927846706e-05
4.062708472314877e-08, 7.663336957971343e-05
4.0693795863909276e-08, 7.63991477390009e-05
4.076050700466979e-08, 7.616564156758064e-05
4.082721814543029e-08, 7.593284888327366e-05
4.08939292861908e-08, 7.570076751045319e-05
4.09606404269513e-08, 7.54693952800274e-05
4.102735156771181e-08, 7.523873002942183e-05
4.109406270847232e-08, 7.500876960256222e-05
4.116077384923283e-08, 7.47795118498568e-05
4.122748498999333e-08, 7.455095462817905e-05
4.1294196130753844e-08, 7.432309580085026e-05
4.136090727151434e-08, 7.409593323762202e-05
4.1427618412274854e-08, 7.386946481465891e-05
4.149432955303536e-08, 7.364368841452099e-05
4.156104069379587e-08, 7.341860192614641e-05
4.1627751834556374e-08, 7.319420324483407e-05
4.1694462975316886e-08, 7.29704902722261e-05
4.176117411607739e-08, 7.274746091629066e-05
4.1827885256837895e-08, 7.252511309130425e-05
4.18945963975984e-08, 7.230344471783474e-05
4.196130753835891e-08, 7.208245372272358e-05
4.2028018679119415e-08, 7.186213803906883e-05
4.209472981987993e-08, 7.164249560620748e-05
4.216144096064043e-08, 7.14235243696985e-05
4.222815210140094e-08, 7.120522228130512e-05
4.229486324216144e-08, 7.098758729897785e-05
4.236157438292195e-08, 7.077061738683704e-05
4.242828552368246e-08, 7.055431051515575e-05
4.249499666444297e-08, 7.033866466034228e-05
4.256170780520347e-08, 7.012367780492317e-05
4.2628418945963984e-08, 6.990934793752586e-05
4.269513008672448e-08, 6.969567305286156e-05
4.276184122748499e-08, 6.948265115170802e-05
4.28285523682455e-08, 6.927028024089252e-05
4.289526350900601e-08, 6.905855833327445e-05
4.2961974649766514e-08, 6.88474834477286e-05
4.3028685790527025e-08, 6.863705360912768e-05
4.309539693128753e-08, 6.842726684832564e-05
4.3162108072048035e-08, 6.821812120214027e-05
4.322881921280854e-08, 6.80096147133365e-05
4.329553035356905e-08, 6.780174543060915e-05
4.3362241494329555e-08, 6.759451140856624e-05
4.3428952635090066e-08, 6.738791070771178e-05
4.349566377585057e-08, 6.718194139442905e-05
4.356237491661108e-08, 6.697660154096364e-05
4.362908605737158e-08, 6.677188922540661e-05
4.369579719813209e-08, 6.656780253167767e-05
4.3762508338892596e-08, 6.636433954950841e-05
4.382921947965311e-08, 6.616149837442547e-05
4.389593062041361e-08, 6.595927710773385e-05
4.3962641761174124e-08, 6.575767385650006e-05
4.402935290193463e-08, 6.555668673353575e-05
4.409606404269513e-08, 6.535631385738068e-05
4.416277518345564e-08, 6.515655335228646e-05
4.422948632421615e-08, 6.49574033481996e-05
4.4296197464976654e-08, 6.475886198074533e-05
4.4362908605737165e-08, 6.456092739121068e-05
4.442961974649767e-08, 6.436359772652834e-05
4.449633088725818e-08, 6.416687113926003e-05
4.456304202801868e-08, 6.397074578758e-05
4.462975316877919e-08, 6.377521983525878e-05
4.4696464309539695e-08, 6.358029145164684e-05
4.4763175450300206e-08, 6.338595881165798e-05
4.482988659106071e-08, 6.31922200957534e-05
4.489659773182122e-08, 6.299907348992518e-05
4.496330887258172e-08, 6.280651718568025e-05
4.503002001334223e-08, 6.261454938002397e-05
4.5096731154102736e-08, 6.242316827544425e-05
4.516344229486325e-08, 6.223237207989506e-05
4.523015343562375e-08, 6.204215900678071e-05
4.529686457638426e-08, 6.18525272749396e-05
4.536357571714477e-08, 6.166347510862828e-05
4.543028685790527e-08, 6.147500073750536e-05
4.549699799866578e-08, 6.128710239661572e-05
4.556370913942629e-08, 6.109977832637443e-05
4.563042028018679e-08, 6.091302677255106e-05
4.5697131420947304e-08, 6.072684598625368e-05
4.576384256170781e-08, 6.054123422391317e-05
4.583055370246832e-08, 6.0356189747267394e-05
4.589726484322882e-08, 6.0171710823345535e-05
4.596397598398933e-08, 5.9987795724452374e-05
4.6030687124749834e-08, 5.980444272815256e-05
4.6097398265510346e-08, 5.962165011725516e-05
4.616410940627085e-08, 5.943941617979791e-05
4.623082054703136e-08, 5.925773920903184e-05
4.629753168779186e-08, 5.907661750340566e-05
4.636424282855237e-08, 5.889604936655029e-05
4.6430953969312876e-08, 5.871603310726353e-05
4.649766511007339e-08, 5.8536567039494545e-05
4.656437625083389e-08, 5.8357649482328674e-05
4.66310873915944e-08, 5.81792787599719e-05
4.669779853235491e-08, 5.800145320173588e-05
4.676450967311541e-08, 5.782417114202233e-05
4.683122081387592e-08, 5.7647430920308184e-05
4.689793195463643e-08, 5.74712308811302e-05
4.696464309539693e-08, 5.7295569374069986e-05
4.7031354236157444e-08, 5.712044475373875e-05
4.709806537691795e-08, 5.6945855379762516e-05
4.716477651767846e-08, 5.677179961676682e-05
4.723148765843896e-08, 5.6598275834361966e-05
4.729819879919947e-08, 5.642528240712798e-05
4.7364909939959974e-08, 5.625281771459981e-05
4.7431621080720485e-08, 5.6080880141252386e-05
4.749833222148099e-08, 5.590946807648589e-05
4.75650433622415e-08, 5.5738579914610894e-05
4.7631754503002006e-08, 5.5568214054833755e-05
4.769846564376251e-08, 5.539836890124175e-05
4.7765176784523015e-08, 5.5229042862788645e-05
4.7831887925283527e-08, 5.506023435327981e-05
4.789859906604403e-08, 5.4891941791357906e-05
4.796531020680454e-08, 5.4724163600488123e-05
4.803202134756505e-08, 5.4556898208943865e-05
4.809873248832556e-08, 5.439014404979213e-05
4.8165443629086057e-08, 5.4223899560879236e-05
4.823215476984657e-08, 5.405816318481629e-05
4.829886591060707e-08, 5.3892933368965e-05
4.8365577051367584e-08, 5.3728208565423224e-05
4.843228819212809e-08, 5.3563987231010817e-05
4.84989993328886e-08, 5.3400267827255305e-05
4.85657104736491e-08, 5.3237048820377833e-05
4.863242161440961e-08, 5.307432868127889e-05
4.8699132755170114e-08, 5.291210588552418e-05
4.8765843895930625e-08, 5.275037891333076e-05
4.883255503669113e-08, 5.258914624955269e-05
4.889926617745164e-08, 5.242840638366735e-05
4.8965977318212146e-08, 5.2268157809761286e-05
4.903268845897265e-08, 5.2108399026516314e-05
4.9099399599733155e-08, 5.194912853719579e-05
4.9166110740493666e-08, 5.179034484963052e-05
4.923282188125417e-08, 5.1632046476205266e-05
4.929953302201468e-08, 5.147423193384466e-05
4.936624416277519e-08, 5.131689974399977e-05
4.94329553035357e-08, 5.116004843263421e-05
4.9499666444296196e-08, 5.1003676530210616e-05
4.956637758505671e-08, 5.084778257167694e-05
4.963308872581721e-08, 5.069236509645303e-05
4.9699799866577723e-08, 5.053742264841687e-05
4.976651100733823e-08, 5.038295377589138e-05
4.983322214809874e-08, 5.022895703163065e-05
4.9899933288859244e-08, 5.00754309728068e-05
4.996664442961975e-08, 4.99223741609964e-05
5.0033355570380253e-08, 4.976978516216726e-05
5.0100066711140765e-08, 4.961766254666504e-05
5.016677785190127e-08, 4.9466004889200065e-05
5.023348899266178e-08, 4.931481076883399e-05
5.0300200133422285e-08, 4.916407876896679e-05
5.0366911274182797e-08, 4.9013807477323395e-05
5.0433622414943295e-08, 4.8863995485940753e-05
5.0500333555703806e-08, 4.871464139115462e-05
5.056704469646431e-08, 4.856574379358668e-05
5.063375583722482e-08, 4.8417301298131336e-05
5.0700466977985327e-08, 4.826931251394301e-05
5.076717811874584e-08, 4.812177605442293e-05
5.0833889259506336e-08, 4.79746905372065e-05
5.090060040026685e-08, 4.7828054584150246e-05
5.096731154102735e-08, 4.768186682131919e-05
5.103402268178786e-08, 4.75361258789739e-05
5.110073382254837e-08, 4.7390830391557876e-05
5.116744496330888e-08, 4.7245978997684785e-05
5.123415610406939e-08, 4.710157034012579e-05
5.130086724482989e-08, 4.695760306579703e-05
5.13675783855904e-08, 4.6814075825746855e-05
5.1434289526350904e-08, 4.667098727514344e-05
5.1501000667111416e-08, 4.652833607326211e-05
5.156771180787192e-08, 4.638612088347302e-05
5.163442294863243e-08, 4.6244340373228585e-05
5.1701134089392936e-08, 4.610299321405112e-05
5.176784523015344e-08, 4.596207808152053e-05
5.1834556370913946e-08, 4.582159365526182e-05
5.190126751167446e-08, 4.5681538618932975e-05
5.196797865243496e-08, 4.5541911660212514e-05
5.203468979319547e-08, 4.540271147078745e-05
5.210140093395598e-08, 4.526393674634101e-05
5.216811207471649e-08, 4.5125586186540394e-05
5.223482321547699e-08, 4.498765849502484e-05
5.23015343562375e-08, 4.4850152379393364e-05
5.2368245496998e-08, 4.471306655119286e-05
5.2434956637758514e-08, 4.4576399725905955e-05
5.250166777851902e-08, 4.444015062293918e-05
5.256837891927953e-08, 4.4304317965610846e-05
5.263509006004003e-08, 4.416890048113933e-05
5.270180120080054e-08, 4.4033896900631025e-05
5.2768512341561044e-08, 4.389930595906869e-05
5.2835223482321555e-08, 4.3765126395299485e-05
5.290193462308206e-08, 4.363135695202329e-05
5.296864576384257e-08, 4.349799637578096e-05
5.3035356904603076e-08, 4.336504341694264e-05
5.310206804536358e-08, 4.323249682969606e-05
5.3168779186124085e-08, 4.3100355372035e-05
5.3235490326884596e-08, 4.2968617805747566e-05
5.33022014676451e-08, 4.283728289640475e-05
5.336891260840561e-08, 4.2706349413348875e-05
5.343562374916612e-08, 4.257581612968206e-05
5.350233488992663e-08, 4.244568182225483e-05
5.3569046030687126e-08, 4.2315945271654676e-05
5.363575717144764e-08, 4.2186605262194604e-05
5.370246831220814e-08, 4.2057660581901924e-05
5.3769179452968654e-08, 4.192911002250678e-05
5.383589059372916e-08, 4.180095237943101e-05
5.390260173448967e-08, 4.167318645177671e-05
5.3969312875250174e-08, 4.154581104231525e-05
5.403602401601068e-08, 4.141882495747587e-05
5.4102735156771184e-08, 4.1292227007334714e-05
5.4169446297531695e-08, 4.116601600560356e-05
5.42361574382922e-08, 4.104019076961887e-05
5.430286857905271e-08, 4.091475012033059e-05
5.4369579719813216e-08, 4.0789692882291336e-05
5.443629086057373e-08, 4.0665017883645205e-05
5.4503002001334225e-08, 4.054072395611695e-05
5.4569713142094736e-08, 4.041680993500102e-05
5.463642428285524e-08, 4.029327465915068e-05
5.470313542361575e-08, 4.017011697096719e-05
5.476984656437626e-08, 4.0047335716388884e-05
5.483655770513677e-08, 3.9924929744880544e-05
5.4903268845897266e-08, 3.980289790942252e-05
5.496997998665778e-08, 3.9681239066499996e-05
5.503669112741828e-08, 3.955995207609245e-05
5.5103402268178793e-08, 3.9439035801662795e-05
5.51701134089393e-08, 3.931848911014694e-05
5.523682454969981e-08, 3.9198310871942995e-05
5.5303535690460314e-08, 3.907849996090096e-05
5.537024683122082e-08, 3.895905525431194e-05
5.543695797198132e-08, 3.883997563289787e-05
5.5503669112741835e-08, 3.872125998080081e-05
5.557038025350234e-08, 3.86029071855728e-05
5.563709139426285e-08, 3.848491613816517e-05
5.5703802535023355e-08, 3.8367285732918365e-05
5.5770513675783866e-08, 3.825001486755151e-05
5.5837224816544364e-08, 3.813310244315215e-05
5.5903935957304876e-08, 3.80165473641659e-05
5.597064709806538e-08, 3.790034853838631e-05
5.603735823882589e-08, 3.778450487694451e-05
5.6104069379586396e-08, 3.7669015294299174e-05
5.617078052034691e-08, 3.7553878708226215e-05
5.623749166110741e-08, 3.74390940398088e-05
5.630420280186792e-08, 3.732466021342714e-05
5.637091394262842e-08, 3.721057615674852e-05
5.643762508338893e-08, 3.709684080071717e-05
5.650433622414944e-08, 3.698345307954436e-05
5.657104736490995e-08, 3.687041193069837e-05
5.6637758505670454e-08, 3.6757716294894574e-05
5.6704469646430965e-08, 3.664536511608548e-05
5.677118078719146e-08, 3.653335734145094e-05
5.6837891927951974e-08, 3.6421691921388175e-05
5.690460306871248e-08, 3.631036780950209e-05
5.697131420947299e-08, 3.619938396259535e-05
5.7038025350233495e-08, 3.6088739340658734e-05
5.7104736490994006e-08, 3.597843290686129e-05
5.7171447631754504e-08, 3.586846362754074e-05
5.7238158772515015e-08, 3.575883047219373e-05
5.730486991327552e-08, 3.564953241346621e-05
5.737158105403603e-08, 3.554056842714384e-05
5.7438292194796536e-08, 3.5431937492142314e-05
5.750500333555705e-08, 3.532363859049796e-05
5.757171447631755e-08, 3.521567070735809e-05
5.7638425617078057e-08, 3.5108032830971486e-05
5.770513675783856e-08, 3.500072395267903e-05
5.777184789859907e-08, 3.4893743066904183e-05
5.783855903935958e-08, 3.4787089171143625e-05
5.790527018012009e-08, 3.4680761265957797e-05
5.797198132088059e-08, 3.457475835496162e-05
5.8038692461641105e-08, 3.4469079444815125e-05
5.81054036024016e-08, 3.4363723545214184e-05
5.8172114743162114e-08, 3.4258689668881184e-05
5.823882588392262e-08, 3.415397683155587e-05
5.830553702468313e-08, 3.404958405198603e-05
5.8372248165443634e-08, 3.394551035191841e-05
5.8438959306204146e-08, 3.384175475608943e-05
5.8505670446964644e-08, 3.373831629221621e-05
5.8572381587725155e-08, 3.363519399098732e-05
5.863909272848566e-08, 3.3532386886053816e-05
5.870580386924617e-08, 3.342989401402008e-05
5.8772515010006676e-08, 3.3327714414434947e-05
5.883922615076719e-08, 3.322584712978253e-05
5.890593729152769e-08, 3.312429120547343e-05
5.8972648432288196e-08, 3.3023045689835655e-05
5.90393595730487e-08, 3.2922109634105865e-05
5.910607071380921e-08, 3.282148209242026e-05
5.917278185456972e-08, 3.2721162121806e-05
5.923949299533023e-08, 3.262114878217211e-05
5.930620413609073e-08, 3.252144113630088e-05
5.9372915276851244e-08, 3.2422038249838954e-05
5.943962641761174e-08, 3.232293919128869e-05
5.9506337558372253e-08, 3.222414303199931e-05
5.957304869913276e-08, 3.212564884615832e-05
5.963975983989328e-08, 3.202745571078279e-05
5.970647098065377e-08, 3.192956270571071e-05
5.977318212141429e-08, 3.183196891359231e-05
5.983989326217478e-08, 3.1734673419881644e-05
5.99066044029353e-08, 3.163767531282785e-05
5.99733155436958e-08, 3.1540973683466665e-05
6.004002668445632e-08, 3.1444567625611965e-05
6.010673782521682e-08, 3.134845623584717e-05
6.017344896597733e-08, 3.125263861351693e-05
6.024016010673782e-08, 3.115711386071852e-05
6.030687124749834e-08, 3.106188108229359e-05
6.037358238825885e-08, 3.0966939385819655e-05
6.044029352901936e-08, 3.087228788160182e-05
6.050700466977986e-08, 3.07779256826644e-05
6.057371581054037e-08, 3.068385190474263e-05
6.064042695130087e-08, 3.059006566627438e-05
6.070713809206138e-08, 3.0496566088391895e-05
6.077384923282189e-08, 3.0403352294913565e-05
6.08405603735824e-08, 3.0310423412335723e-05
6.09072715143429e-08, 3.0217778569824465e-05
6.097398265510341e-08, 3.012541689920745e-05
6.104069379586391e-08, 3.003333753496586e-05
6.110740493662442e-08, 2.994153961422618e-05
6.117411607738493e-08, 2.9850022276752214e-05
6.124082721814544e-08, 2.9758784664936947e-05
6.130753835890594e-08, 2.9667825923794592e-05
6.137424949966645e-08, 2.9577145200952493e-05
6.144096064042695e-08, 2.948674164664323e-05
6.150767178118746e-08, 2.9396614413696554e-05
6.157438292194797e-08, 2.9306762657531577e-05
6.164109406270848e-08, 2.9217185536148743e-05
6.170780520346898e-08, 2.912788221012203e-05
6.177451634422949e-08, 2.9038851842591e-05
6.184122748499e-08, 2.8950093599253072e-05
6.19079386257505e-08, 2.886160664835556e-05
6.197464976651101e-08, 2.8773390160688053e-05
6.204136090727152e-08, 2.8685443309574465e-05
6.210807204803202e-08, 2.8597765270865467e-05
6.217478318879253e-08, 2.8510355222930602e-05
6.224149432955304e-08, 2.842321234665074e-05
6.230820547031356e-08, 2.8336335825410257e-05
6.237491661107405e-08, 2.824972484508953e-05
6.244162775183456e-08, 2.816337859405718e-05
6.250833889259506e-08, 2.8077296263162578e-05
6.257505003335557e-08, 2.799147704572816e-05
6.264176117411609e-08, 2.7905920137541953e-05
6.27084723148766e-08, 2.782062473685004e-05
6.27751834556371e-08, 2.7735590044348936e-05
6.28418945963976e-08, 2.7650815263178277e-05
6.29086057371581e-08, 2.7566299598913176e-05
6.297531687791862e-08, 2.748204225955692e-05
6.304202801867913e-08, 2.7398042455533495e-05
6.310873915943964e-08, 2.7314299399680137e-05
6.317545030020014e-08, 2.7230812307240073e-05
6.324216144096065e-08, 2.714758039585504e-05
6.330887258172115e-08, 2.706460288555808e-05
6.337558372248166e-08, 2.6981878998766106e-05
6.344229486324217e-08, 2.6899407960272753e-05
6.350900600400268e-08, 2.6817188997240968e-05
6.357571714476318e-08, 2.673522133919592e-05
6.364242828552369e-08, 2.6653504218017637e-05
6.370913942628419e-08, 2.6572036867933937e-05
6.37758505670447e-08, 2.6490818525513142e-05
6.384256170780521e-08, 2.6409848429657026e-05
6.390927284856572e-08, 2.6329125821593597e-05
6.397598398932622e-08, 2.6248649944870063e-05
6.404269513008673e-08, 2.616842004534566e-05
6.410940627084724e-08, 2.6088435371184693e-05
6.417611741160774e-08, 2.600869517284939e-05
6.424282855236825e-08, 2.59291987030929e-05
6.430953969312876e-08, 2.5849945216952413e-05
6.437625083388926e-08, 2.5770933971741982e-05
6.444296197464977e-08, 2.56921642270457e-05
6.450967311541028e-08, 2.561363524471069e-05
6.45763842561708e-08, 2.553534628884032e-05
6.464309539693129e-08, 2.545729662578712e-05
6.470980653769179e-08, 2.537948552414602e-05
6.477651767845231e-08, 2.530191225474748e-05
6.484322881921281e-08, 2.52245760906507e-05
6.490993995997332e-08, 2.5147476307136705e-05
6.497665110073382e-08, 2.5070612181701615e-05
6.504336224149435e-08, 2.499398299404992e-05
6.511007338225484e-08, 2.4917588026087667e-05
6.517678452301534e-08, 2.484142656191572e-05
6.524349566377585e-08, 2.4765497887823097e-05
6.531020680453636e-08, 2.4689801292280277e-05
6.537691794529688e-08, 2.4614336065932537e-05
6.544362908605737e-08, 2.4539101501593243e-05
6.551034022681787e-08, 2.4464096894237325e-05
6.55770513675784e-08, 2.438932154099457e-05
6.56437625083389e-08, 2.431477474114313e-05
6.57104736490994e-08, 2.4240455796102865e-05
6.57771847898599e-08, 2.4166364009428887e-05
6.584389593062043e-08, 2.4092498686804947e-05
6.591060707138093e-08, 2.4018859136037007e-05
6.597731821214142e-08, 2.3945444667046716e-05
6.604402935290194e-08, 2.387225459186491e-05
6.611074049366245e-08, 2.3799288224625228e-05
6.617745163442296e-08, 2.3726544881557686e-05
6.624416277518346e-08, 2.3654023880982204e-05
6.631087391594397e-08, 2.3581724543302264e-05
6.637758505670448e-08, 2.3509646190998535e-05
6.644429619746498e-08, 2.3437788148622574e-05
6.651100733822549e-08, 2.3366149742790382e-05
6.657771847898599e-08, 2.3294730302176186e-05
6.664442961974651e-08, 2.3223529157506117e-05
6.671114076050701e-08, 2.3152545641551986e-05
6.677785190126752e-08, 2.3081779089124945e-05
6.684456304202802e-08, 2.301122883706931e-05
6.691127418278853e-08, 2.2940894224256316e-05
6.697798532354904e-08, 2.287077459157802e-05
6.704469646430954e-08, 2.2800869281940963e-05
6.711140760507005e-08, 2.2731177640260137e-05
6.717811874583056e-08, 2.2661699013452785e-05
6.724482988659107e-08, 2.2592432750432348e-05
6.731154102735157e-08, 2.252337820210228e-05
6.737825216811207e-08, 2.2454534721350005e-05
6.744496330887259e-08, 2.238590166304086e-05
6.751167444963309e-08, 2.231747838401207e-05
6.75783855903936e-08, 2.224926424306667e-05
6.76450967311541e-08, 2.218125860096751e-05
6.771180787191463e-08, 2.2113460820431283e-05
6.777851901267512e-08, 2.2045870266122583e-05
6.784523015343562e-08, 2.197848630464788e-05
6.791194129419613e-08, 2.1911308304549602e-05
6.797865243495664e-08, 2.184433563630028e-05
6.804536357571716e-08, 2.177756767229659e-05
6.811207471647765e-08, 2.1711003786853463e-05
6.817878585723816e-08, 2.164464335619829e-05
6.824549699799868e-08, 2.1578485758464996e-05
6.831220813875917e-08, 2.1512530373688263e-05
6.837891927951969e-08, 2.1446776583797703e-05
6.84456304202802e-08, 2.1381223772612078e-05
6.851234156104071e-08, 2.1315871325833525e-05
6.85790527018012e-08, 2.1250718631041754e-05
6.864576384256172e-08, 2.1185765077688416e-05
6.871247498332223e-08, 2.1121010057091248e-05
6.877918612408273e-08, 2.105645296242846e-05
6.884589726484324e-08, 2.099209318873306e-05
6.891260840560374e-08, 2.0927930132887088e-05
6.897931954636426e-08, 2.0863963193616056e-05
6.904603068712476e-08, 2.0800191771483283e-05
6.911274182788527e-08, 2.073661526888429e-05
6.917945296864577e-08, 2.067323309004117e-05
6.924616410940628e-08, 2.0610044640997005e-05
6.931287525016679e-08, 2.054704932961038e-05
6.937958639092729e-08, 2.048424656554971e-05
6.94462975316878e-08, 2.0421635760287805e-05
6.951300867244831e-08, 2.0359216327096298e-05
6.957971981320882e-08, 2.029698768104021e-05
6.964643095396932e-08, 2.0234949238972378e-05
6.971314209472982e-08, 2.0173100419528085e-05
6.977985323549034e-08, 2.011144064311952e-05
6.984656437625084e-08, 2.0049969331930458e-05
6.991327551701135e-08, 1.9988685909910744e-05
6.997998665777185e-08, 1.9927589802770924e-05
7.004669779853237e-08, 1.986668043797688e-05
7.011340893929287e-08, 1.9805957244744497e-05
7.018012008005337e-08, 1.9745419654034225e-05
7.024683122081388e-08, 1.9685067098545824e-05
7.031354236157439e-08, 1.962489901271299e-05
7.03802535023349e-08, 1.9564914832698146e-05
7.04469646430954e-08, 1.9505113996387048e-05
7.05136757838559e-08, 1.944549594338357e-05
7.058038692461643e-08, 1.9386060115004466e-05
7.064709806537692e-08, 1.932680595427414e-05
7.071380920613743e-08, 1.926773290591935e-05
7.078052034689793e-08, 1.920884041636411e-05
7.084723148765846e-08, 1.9150127933724434e-05
7.091394262841896e-08, 1.9091594907803196e-05
7.098065376917945e-08, 1.9033240790084942e-05
7.104736490993996e-08, 1.8975065033730775e-05
7.111407605070048e-08, 1.8917067093573233e-05
7.118078719146099e-08, 1.8859246426111183e-05
7.124749833222149e-08, 1.8801602489504692e-05
7.1314209472982e-08, 1.8744134743569996e-05
7.138092061374251e-08, 1.86868426497744e-05
7.1447631754503e-08, 1.8629725671231277e-05
7.151434289526352e-08, 1.8572783272694962e-05
7.158105403602401e-08, 1.8516014920555833e-05
7.164776517678454e-08, 1.845942008283523e-05
7.171447631754504e-08, 1.840299822918051e-05
7.178118745830555e-08, 1.834674883086008e-05
7.184789859906605e-08, 1.8290671360758398e-05
7.191460973982656e-08, 1.8234765293371075e-05
7.198132088058707e-08, 1.8179030104799984e-05
7.204803202134757e-08, 1.812346527274825e-05
7.211474316210808e-08, 1.8068070276515446e-05
7.218145430286859e-08, 1.8012844596992645e-05
7.22481654436291e-08, 1.7957787716657664e-05
7.23148765843896e-08, 1.7902899119570066e-05
7.23815877251501e-08, 1.7848178291366435e-05
7.244829886591062e-08, 1.7793624719255504e-05
7.251501000667112e-08, 1.77392378920134e-05
7.258172114743163e-08, 1.7685017299978803e-05
7.264843228819213e-08, 1.7630962435048167e-05
7.271514342895265e-08, 1.7577072790670997e-05
7.278185456971315e-08, 1.752334786184511e-05
7.284856571047365e-08, 1.746978714511184e-05
7.291527685123416e-08, 1.7416390138551365e-05
7.298198799199467e-08, 1.7363156341777994e-05
7.304869913275518e-08, 1.7310085255935506e-05
7.311541027351568e-08, 1.7257176383692422e-05
7.318212141427618e-08, 1.7204429229237375e-05
7.32488325550367e-08, 1.715184329827446e-05
7.33155436957972e-08, 1.7099418098018622e-05
7.338225483655771e-08, 1.7047153137191e-05
7.344896597731821e-08, 1.6995047926014342e-05
7.351567711807874e-08, 1.69431019762084e-05
7.358238825883923e-08, 1.6891314800985418e-05
7.364909939959973e-08, 1.6839685915045485e-05
7.371581054036024e-08, 1.6788214834572013e-05
7.378252168112076e-08, 1.673690107722724e-05
7.384923282188127e-08, 1.668574416214769e-05
7.391594396264176e-08, 1.663474360993963e-05
7.398265510340228e-08, 1.658389894267464e-05
7.404936624416279e-08, 1.653320968388507e-05
7.411607738492328e-08, 1.6482675358559654e-05
7.41827885256838e-08, 1.6432295493138955e-05
7.42494996664443e-08, 1.6382069615511045e-05
7.431621080720482e-08, 1.6331997255006967e-05
7.438292194796532e-08, 1.6282077942396414e-05
7.444963308872583e-08, 1.62323112098833e-05
7.451634422948633e-08, 1.618269659110134e-05
7.458305537024684e-08, 1.6133233621109728e-05
7.464976651100735e-08, 1.6083921836388783e-05
7.471647765176785e-08, 1.603476077483556e-05
7.478318879252836e-08, 1.598574997575956e-05
7.484989993328887e-08, 1.5936888979878376e-05
7.491661107404938e-08, 1.5888177329313462e-05
7.498332221480988e-08, 1.5839614567585755e-05
7.505003335557038e-08, 1.5791200239611434e-05
7.51167444963309e-08, 1.574293389169765e-05
7.51834556370914e-08, 1.5694815071538324e-05
7.525016677785191e-08, 1.564684332820983e-05
7.531687791861241e-08, 1.55990182121668e-05
7.538358905937293e-08, 1.555133927523792e-05
7.545030020013343e-08, 1.5503806070621757e-05
7.551701134089393e-08, 1.54564181528825e-05
7.558372248165444e-08, 1.5409175077945845e-05
7.565043362241495e-08, 1.53620764030948e-05
7.571714476317546e-08, 1.53151216869656e-05
7.578385590393596e-08, 1.526831048954347e-05
7.585056704469647e-08, 1.5221642372158567e-05
7.591727818545698e-08, 1.5175116897481857e-05
7.598398932621748e-08, 1.5128733629521041e-05
7.605070046697799e-08, 1.508249213361642e-05
7.611741160773849e-08, 1.5036391976436848e-05
7.618412274849902e-08, 1.4990432725975661e-05
7.625083388925951e-08, 1.4944613951546677e-05
7.631754503002002e-08, 1.4898935223780082e-05
7.638425617078052e-08, 1.4853396114618443e-05
7.645096731154103e-08, 1.4807996197312727e-05
7.651767845230155e-08, 1.4762735046418264e-05
7.658438959306204e-08, 1.4717612237790746e-05
7.665110073382255e-08, 1.4672627348582313e-05
7.671781187458307e-08, 1.4627779957237516e-05
7.678452301534358e-08, 1.4583069643489439e-05
7.685123415610408e-08, 1.4538495988355701e-05
7.691794529686457e-08, 1.4494058574134564e-05
7.69846564376251e-08, 1.4449756984401007e-05
7.70513675783856e-08, 1.4405590804002827e-05
7.711807871914611e-08, 1.436155961905675e-05
7.71847898599066e-08, 1.431766301694455e-05
7.725150100066713e-08, 1.4273900586309168e-05
7.731821214142763e-08, 1.4230271917050888e-05
7.738492328218813e-08, 1.4186776600323482e-05
7.745163442294864e-08, 1.4143414228530357e-05
7.751834556370915e-08, 1.4100184395320745e-05
7.758505670446966e-08, 1.4057086695585948e-05
7.765176784523016e-08, 1.4014120725455447e-05
7.771847898599066e-08, 1.397128608229319e-05
7.778519012675118e-08, 1.3928582364693776e-05
7.785190126751168e-08, 1.3886009172478753e-05
7.791861240827219e-08, 1.3843566106692793e-05
7.798532354903269e-08, 1.3801252769599992e-05
7.805203468979321e-08, 1.375906876468014e-05
7.811874583055371e-08, 1.371701369662503e-05
7.818545697131421e-08, 1.3675087171334699e-05
7.825216811207472e-08, 1.3633288795913764e-05
7.831887925283523e-08, 1.359161817866774e-05
7.838559039359574e-08, 1.3550074929099406e-05
7.845230153435624e-08, 1.350865865790506e-05
7.851901267511675e-08, 1.346736897697094e-05
7.858572381587726e-08, 1.3426205499369562e-05
7.865243495663776e-08, 1.3385167839356125e-05
7.871914609739827e-08, 1.3344255612364828e-05
7.878585723815877e-08, 1.3303468435005339e-05
7.88525683789193e-08, 1.3262805925059144e-05
7.891927951967979e-08, 1.3222267701476031e-05
7.89859906604403e-08, 1.3181853384370454e-05
7.90527018012008e-08, 1.3141562595018e-05
7.911941294196131e-08, 1.310139495585184e-05
7.918612408272182e-08, 1.3061350090459217e-05
7.925283522348232e-08, 1.3021427623577857e-05
7.931954636424283e-08, 1.2981627181092498e-05
7.938625750500335e-08, 1.2941948390031383e-05
7.945296864576386e-08, 1.290239087856276e-05
7.951967978652435e-08, 1.2862954275991369e-05
7.958639092728485e-08, 1.2823638212755023e-05
7.965310206804538e-08, 1.2784442320421082e-05
7.971981320880588e-08, 1.2745366231683063e-05
7.978652434956639e-08, 1.2706409580357159e-05
7.985323549032688e-08, 1.26675720013788e-05
7.991994663108741e-08, 1.262885313079926e-05
7.998665777184791e-08, 1.2590252605782242e-05
8.00533689126084e-08, 1.255177006460046e-05
8.012008005336892e-08, 1.2513405146632269e-05
8.018679119412943e-08, 1.247515749235825e-05
8.025350233488994e-08, 1.2437026743357913e-05
8.032021347565044e-08, 1.2399012542306257e-05
8.038692461641095e-08, 1.2361114532970462e-05
8.045363575717146e-08, 1.2323332360206548e-05
8.052034689793196e-08, 1.2285665669956064e-05
8.058705803869247e-08, 1.2248114109242722e-05
8.065376917945297e-08, 1.2210677326169129e-05
8.072048032021349e-08, 1.217335496991347e-05
8.078719146097399e-08, 1.2136146690726259e-05
8.08539026017345e-08, 1.2099052139927005e-05
8.0920613742495e-08, 1.206207096990097e-05
8.098732488325551e-08, 1.2025202834095907e-05
8.105403602401602e-08, 1.1988447387018854e-05
8.112074716477652e-08, 1.1951804284232824e-05
8.118745830553703e-08, 1.191527318235362e-05
8.125416944629754e-08, 1.1878853739046611e-05
8.132088058705805e-08, 1.1842545613023543e-05
8.138759172781855e-08, 1.1806348464039298e-05
8.145430286857905e-08, 1.1770261952888731e-05
8.152101400933957e-08, 1.1734285741403495e-05
8.158772515010007e-08, 1.1698419492448877e-05
8.165443629086058e-08, 1.1662662869920608e-05
8.172114743162108e-08, 1.1627015538741738e-05
8.17878585723816e-08, 1.1591477164859498e-05
8.18545697131421e-08, 1.1556047415242162e-05
8.19212808539026e-08, 1.1520725957875926e-05
8.198799199466311e-08, 1.148551246176178e-05
8.205470313542362e-08, 1.1450406596912454e-05
8.212141427618414e-08, 1.1415408034349284e-05
8.218812541694463e-08, 1.1380516446099122e-05
8.225483655770513e-08, 1.1345731505191314e-05
8.232154769846566e-08, 1.1311052885654568e-05
8.238825883922615e-08, 1.1276480262513965e-05
8.245496997998667e-08, 1.1242013311787863e-05
8.252168112074716e-08, 1.1207651710484894e-05
8.258839226150769e-08, 1.1173395136600904e-05
8.265510340226819e-08, 1.1139243269115984e-05
8.272181454302868e-08, 1.1105195787991415e-05
8.27885256837892e-08, 1.1071252374166691e-05
8.285523682454971e-08, 1.1037412709556517e-05
8.292194796531022e-08, 1.100367647704786e-05
8.298865910607072e-08, 1.097004336049693e-05
8.305537024683123e-08, 1.0936513044726253e-05
8.312208138759174e-08, 1.0903085215521692e-05
8.318879252835224e-08, 1.0869759559629547e-05
8.325550366911275e-08, 1.0836535764753559e-05
8.332221480987325e-08, 1.0803413519552022e-05
8.338892595063377e-08, 1.077039251363485e-05
8.345563709139427e-08, 1.0737472437560699e-05
8.352234823215478e-08, 1.0704652982834021e-05
8.358905937291528e-08, 1.0671933841902198e-05
8.365577051367579e-08, 1.0639314708152651e-05
8.37224816544363e-08, 1.0606795275910003e-05
8.37891927951968e-08, 1.0574375240433153e-05
8.385590393595731e-08, 1.0542054297912461e-05
8.392261507671782e-08, 1.0509832145466882e-05
8.398932621747833e-08, 1.0477708481141165e-05
8.405603735823883e-08, 1.0445683003902974e-05
8.412274849899933e-08, 1.041375541364009e-05
8.418945963975985e-08, 1.038192541115759e-05
8.425617078052035e-08, 1.0350192698175082e-05
8.432288192128086e-08, 1.0318556977323846e-05
8.438959306204136e-08, 1.028701795214409e-05
8.445630420280189e-08, 1.0255575327082154e-05
8.452301534356238e-08, 1.0224228807487775e-05
8.458972648432288e-08, 1.019297809961127e-05
8.465643762508339e-08, 1.0161822910600815e-05
8.47231487658439e-08, 1.0130762948499712e-05
8.478985990660442e-08, 1.0099797922243638e-05
8.485657104736491e-08, 1.0068927541657898e-05
8.492328218812541e-08, 1.0038151517454746e-05
8.498999332888594e-08, 1.0007469561230647e-05
8.505670446964643e-08, 9.976881385463578e-06
8.512341561040695e-08, 9.946386703510341e-06
8.519012675116744e-08, 9.915985229603876e-06
8.525683789192797e-08, 9.885676678850571e-06
8.532354903268847e-08, 9.85546076722761e-06
8.539026017344896e-08, 9.825337211580297e-06
8.545697131420949e-08, 9.795305729619405e-06
8.552368245496999e-08, 9.765366039918547e-06
8.55903935957305e-08, 9.735517861911511e-06
8.5657104736491e-08, 9.705760915889657e-06
8.572381587725152e-08, 9.676094922999266e-06
8.579052701801202e-08, 9.646519605238966e-06
8.585723815877252e-08, 9.617034685457095e-06
8.592394929953303e-08, 9.587639887349121e-06
8.599066044029354e-08, 9.558334935455028e-06
8.605737158105405e-08, 9.529119555156783e-06
8.612408272181455e-08, 9.49999347267571e-06
8.619079386257506e-08, 9.470956415069952e-06
8.625750500333557e-08, 9.442008110231896e-06
8.632421614409607e-08, 9.413148286885674e-06
8.639092728485658e-08, 9.384376674584544e-06
8.645763842561708e-08, 9.355693003708405e-06
8.65243495663776e-08, 9.327097005461254e-06
8.65910607071381e-08, 9.298588411868695e-06
8.665777184789861e-08, 9.27016695577538e-06
8.672448298865911e-08, 9.241832370842538e-06
8.679119412941962e-08, 9.213584391545466e-06
8.685790527018013e-08, 9.185422753171067e-06
8.692461641094063e-08, 9.157347191815332e-06
8.699132755170114e-08, 9.129357444380879e-06
8.705803869246165e-08, 9.1014532485745e-06
8.712474983322216e-08, 9.073634342904702e-06
8.719146097398266e-08, 9.045900466679239e-06
8.725817211474316e-08, 9.018251360002683e-06
8.732488325550369e-08, 8.990686763773985e-06
8.739159439626418e-08, 8.963206419684048e-06
8.74583055370247e-08, 8.935810070213316e-06
8.752501667778519e-08, 8.908497458629321e-06
8.759172781854572e-08, 8.881268328984339e-06
8.765843895930622e-08, 8.854122426112939e-06
8.772515010006671e-08, 8.827059495629632e-06
8.779186124082722e-08, 8.800079283926435e-06
8.785857238158774e-08, 8.77318153817055e-06
8.792528352234825e-08, 8.746366006301974e-06
8.799199466310875e-08, 8.71963243703113e-06
8.805870580386926e-08, 8.692980579836497e-06
8.812541694462977e-08, 8.666410184962303e-06
8.819212808539027e-08, 8.639921003416163e-06
8.825883922615078e-08, 8.613512786966743e-06
8.832555036691128e-08, 8.58718528814142e-06
8.83922615076718e-08, 8.560938260224e-06
8.84589726484323e-08, 8.53477145725238e-06
8.852568378919281e-08, 8.508684634016257e-06
8.859239492995331e-08, 8.482677546054795e-06
8.865910607071382e-08, 8.456749949654383e-06
8.872581721147433e-08, 8.430901601846328e-06
8.879252835223483e-08, 8.405132260404582e-06
8.885923949299534e-08, 8.379441683843451e-06
8.892595063375585e-08, 8.353829631415365e-06
8.899266177451636e-08, 8.328295863108603e-06
8.905937291527686e-08, 8.302840139645064e-06
8.912608405603736e-08, 8.277462222477973e-06
8.919279519679788e-08, 8.252161873789714e-06
8.925950633755838e-08, 8.226938856489553e-06
8.932621747831889e-08, 8.20179293421144e-06
8.939292861907939e-08, 8.176723871311788e-06
8.945963975983991e-08, 8.151731432867243e-06
8.952635090060041e-08, 8.126815384672524e-06
8.959306204136091e-08, 8.101975493238196e-06
8.965977318212142e-08, 8.077211525788505e-06
8.972648432288193e-08, 8.052523250259161e-06
8.979319546364244e-08, 8.027910435295208e-06
8.985990660440294e-08, 8.003372850248822e-06
8.992661774516344e-08, 7.978910265177176e-06
8.999332888592396e-08, 7.954522450840239e-06
9.006004002668446e-08, 7.930209178698714e-06
9.012675116744497e-08, 7.905970220911786e-06
9.019346230820547e-08, 7.881805350335085e-06
9.0260173448966e-08, 7.857714340518477e-06
9.03268845897265e-08, 7.83369696570403e-06
9.039359573048699e-08, 7.8097530008238e-06
9.04603068712475e-08, 7.785882221497805e-06
9.052701801200802e-08, 7.76208440403186e-06
9.059372915276853e-08, 7.738359325415543e-06
9.066044029352902e-08, 7.714706763320041e-06
9.072715143428954e-08, 7.691126496096114e-06
9.079386257505005e-08, 7.667618302771976e-06
9.086057371581055e-08, 7.644181963051301e-06
9.092728485657106e-08, 7.620817257311044e-06
9.099399599733155e-08, 7.597523966599493e-06
9.106070713809208e-08, 7.5743018726341275e-06
9.112741827885258e-08, 7.551150757799665e-06
9.119412941961309e-08, 7.528070405145929e-06
9.126084056037359e-08, 7.505060598385881e-06
9.13275517011341e-08, 7.482121121893549e-06
9.139426284189461e-08, 7.459251760702072e-06
9.146097398265511e-08, 7.436452300501595e-06
9.152768512341562e-08, 7.413722527637341e-06
9.159439626417613e-08, 7.391062229107544e-06
9.166110740493664e-08, 7.368471192561535e-06
9.172781854569714e-08, 7.3459492062976485e-06
9.179452968645764e-08, 7.323496059261328e-06
9.186124082721816e-08, 7.3011115410430976e-06
9.192795196797866e-08, 7.278795441876617e-06
9.199466310873917e-08, 7.256547552636679e-06
9.206137424949967e-08, 7.234367664837303e-06
9.21280853902602e-08, 7.212255570629737e-06
9.219479653102069e-08, 7.19021106280054e-06
9.226150767178119e-08, 7.168233934769602e-06
9.23282188125417e-08, 7.146323980588253e-06
9.239492995330221e-08, 7.124480994937308e-06
9.246164109406272e-08, 7.10270477312514e-06
9.252835223482322e-08, 7.0809951110857835e-06
9.259506337558372e-08, 7.0593518053769865e-06
9.266177451634424e-08, 7.0377746531783394e-06
9.272848565710474e-08, 7.016263452289362e-06
9.279519679786525e-08, 6.994818001127604e-06
9.286190793862575e-08, 6.973438098726749e-06
9.292861907938628e-08, 6.9521235447347526e-06
9.299533022014677e-08, 6.9308741394119506e-06
9.306204136090727e-08, 6.909689683629197e-06
9.312875250166778e-08, 6.888569978865971e-06
9.31954636424283e-08, 6.867514827208552e-06
9.32621747831888e-08, 6.846524031348151e-06
9.33288859239493e-08, 6.825597394579058e-06
9.339559706470982e-08, 6.804734720796787e-06
9.346230820547033e-08, 6.783935814496272e-06
9.352901934623082e-08, 6.763200480770002e-06
9.359573048699134e-08, 6.7425285253062205e-06
9.366244162775183e-08, 6.7219197543870714e-06
9.372915276851236e-08, 6.701373974886822e-06
9.379586390927286e-08, 6.680890994270026e-06
9.386257505003337e-08, 6.66047062058974e-06
9.392928619079387e-08, 6.6401126624856876e-06
9.399599733155439e-08, 6.619816929182521e-06
9.406270847231489e-08, 6.599583230487984e-06
9.412941961307539e-08, 6.579411376791165e-06
9.41961307538359e-08, 6.559301179060685e-06
9.426284189459641e-08, 6.539252448842963e-06
9.432955303535692e-08, 6.519264998260425e-06
9.439626417611742e-08, 6.4993386400097605e-06
9.446297531687792e-08, 6.4794731873601396e-06
9.452968645763844e-08, 6.459668454151499e-06
9.459639759839894e-08, 6.43992425479277e-06
9.466310873915945e-08, 6.420240404260165e-06
9.472981987991995e-08, 6.4006167180954005e-06
9.479653102068047e-08, 6.381053012404017e-06
9.486324216144097e-08, 6.361549103853632e-06
9.492995330220147e-08, 6.342104809672222e-06
9.499666444296198e-08, 6.322719947646417e-06
9.506337558372249e-08, 6.303394336119774e-06
9.5130086724483e-08, 6.284127793991104e-06
9.51967978652435e-08, 6.264920140712757e-06
9.526350900600401e-08, 6.245771196288936e-06
9.533022014676452e-08, 6.226680781273993e-06
9.539693128752502e-08, 6.207648716770777e-06
9.546364242828553e-08, 6.188674824428935e-06
9.553035356904603e-08, 6.169758926443257e-06
9.559706470980656e-08, 6.15090084555198e-06
9.566377585056705e-08, 6.132100405035179e-06
9.573048699132756e-08, 6.113357428713045e-06
9.579719813208806e-08, 6.094671740944301e-06
9.586390927284857e-08, 6.076043166624491e-06
9.593062041360909e-08, 6.057471531184409e-06
9.599733155436958e-08, 6.038956660588391e-06
9.60640426951301e-08, 6.0204983813327435e-06
9.61307538358906e-08, 6.002096520444067e-06
9.619746497665112e-08, 5.983750905477701e-06
9.626417611741162e-08, 5.965461364516028e-06
9.633088725817211e-08, 5.9472277261669294e-06
9.639759839893264e-08, 5.929049819562127e-06
9.646430953969314e-08, 5.910927474355642e-06
9.653102068045365e-08, 5.892860520722131e-06
9.659773182121414e-08, 5.874848789355352e-06
9.666444296197467e-08, 5.856892111466527e-06
9.673115410273517e-08, 5.838990318782822e-06
9.679786524349567e-08, 5.8211432435457e-06
9.686457638425618e-08, 5.803350718509409e-06
9.693128752501669e-08, 5.785612576939364e-06
9.69979986657772e-08, 5.767928652610647e-06
9.70647098065377e-08, 5.750298779806375e-06
9.71314209472982e-08, 5.732722793316203e-06
9.719813208805872e-08, 5.715200528434755e-06
9.726484322881922e-08, 5.6977318209600885e-06
9.733155436957973e-08, 5.680316507192129e-06
9.739826551034023e-08, 5.66295442393118e-06
9.746497665110075e-08, 5.645645408476359e-06
9.753168779186125e-08, 5.628389298624093e-06
9.759839893262175e-08, 5.611185932666574e-06
9.766511007338226e-08, 5.594035149390274e-06
9.773182121414277e-08, 5.576936788074413e-06
9.779853235490328e-08, 5.559890688489462e-06
9.786524349566378e-08, 5.542896690895645e-06
9.793195463642429e-08, 5.525954636041419e-06
9.79986657771848e-08, 5.509064365162016e-06
9.80653769179453e-08, 5.492225719977929e-06
9.813208805870581e-08, 5.475438542693445e-06
9.819879919946631e-08, 5.458702675995146e-06
9.826551034022683e-08, 5.44201796305046e-06
9.833222148098733e-08, 5.425384247506177e-06
9.839893262174784e-08, 5.408801373486987e-06
9.846564376250834e-08, 5.392269185594007e-06
9.853235490326885e-08, 5.3757875289033495e-06
9.859906604402936e-08, 5.3593562489646515e-06
9.866577718478986e-08, 5.342975191799641e-06
9.873248832555037e-08, 5.326644203900666e-06
9.879919946631089e-08, 5.310363132229292e-06
9.88659106070714e-08, 5.294131824214854e-06
9.89326217478319e-08, 5.277950127753018e-06
9.899933288859239e-08, 5.261817891204357e-06
9.906604402935292e-08, 5.245734963392945e-06
9.913275517011341e-08, 5.229701193604923e-06
9.919946631087393e-08, 5.213716431587107e-06
9.926617745163442e-08, 5.197780527545545e-06
9.933288859239495e-08, 5.181893332144154e-06
9.939959973315545e-08, 5.1660546965032955e-06
9.946631087391594e-08, 5.150264472198394e-06
9.953302201467646e-08, 5.1345225112585184e-06
9.959973315543697e-08, 5.118828666165037e-06
9.966644429619748e-08, 5.103182789850207e-06
9.973315543695798e-08, 5.087584735695802e-06
9.979986657771849e-08, 5.072034357531737e-06
9.9866577718479e-08, 5.056531509634704e-06
9.99332888592395e-08, 5.0410760467268056e-06
1.0000000000000001e-07, 5.025667823974192e-06
