0.0, 0.0
6.6711140760507e-11, 0.0002728078454544123
1.33422281521014e-10, 0.0005082406387093265
2.0013342228152106e-10, 0.0007111008405040089
2.66844563042028e-10, 0.0008854116024805789
3.33555703802535e-10, 0.0010345880013262934
4.002668445630421e-10, 0.0011615637695781965
4.669779853235491e-10, 0.001268885676700289
5.33689126084056e-10, 0.0013587843834476328
6.004002668445631e-10, 0.0014332281668545735
6.6711140760507e-10, 0.0014939641490519363
7.338225483655771e-10, 0.0015425503820104972
8.005336891260842e-10, 0.001580381211412307
8.672448298865912e-10, 0.0016087076704182819
9.339559706470982e-10, 0.001628654168128249
1.0006671114076052e-09, 0.0016412323869053759
1.067378252168112e-09, 0.0016473530501896398
1.1340893929286192e-09, 0.0016478360408170689
1.2008005336891262e-09, 0.001643419219463791
1.2675116744496331e-09, 0.0016347661993280117
1.33422281521014e-09, 0.0016224732661755572
1.4009339559706472e-09, 0.0016070755849054426
1.4676450967311542e-09, 0.0015890527994295253
1.534356237491661e-09, 0.0015688341080091596
1.6010673782521684e-09, 0.0015468028784545952
1.6677785190126754e-09, 0.0015233008547663404
1.7344896597731823e-09, 0.001498631997451318
1.8012008005336893e-09, 0.001473065992862031
1.8679119412941964e-09, 0.0014468414617617564
1.934623082054703e-09, 0.0014201688934021663
2.0013342228152103e-09, 0.001393233328352302
2.0680453635757174e-09, 0.0013661968108870945
2.134756504336224e-09, 0.001339200629753642
2.2014676450967313e-09, 0.0013123673644616024
2.2681787858572385e-09, 0.001285802752805458
2.3348899266177452e-09, 0.0012595973940624997
2.4016010673782524e-09, 0.0012338283011806815
2.4683122081387595e-09, 0.0012085603142472268
2.5350233488992662e-09, 0.0011838473865927862
2.6017344896597734e-09, 0.0011597337540235682
2.66844563042028e-09, 0.0011362549968757822
2.7351567711807873e-09, 0.001113439003845975
2.8018679119412944e-09, 0.001091306845862243
2.868579052701801e-09, 0.0010698735676208501
2.9352901934623083e-09, 0.0010491489038170691
3.0020013342228155e-09, 0.001029137926545283
3.068712474983322e-09, 0.0010098416298289267
3.1354236157438293e-09, 0.0009912574567633745
3.202134756504337e-09, 0.0009733797743121537
3.2688458972648436e-09, 0.0009562003003867806
3.3355570380253508e-09, 0.0009397084874610139
3.402268178785858e-09, 0.0009238918666195131
3.4689793195463647e-09, 0.0009087363556168432
3.535690460306872e-09, 0.0008942265342237435
3.6024016010673785e-09, 0.0008803458898618478
3.6691127418278857e-09, 0.0008670770362739884
3.735823882588393e-09, 0.0008544019077432925
3.8025350233489e-09, 0.0008423019311590524
3.869246164109406e-09, 0.0008307581780294182
3.9359573048699135e-09, 0.0008197514983590526
4.002668445630421e-09, 0.0008092626381428125
4.069379586390928e-09, 0.0007992723420731123
4.136090727151435e-09, 0.0007897614429178577
4.202801867911942e-09, 0.000780710938896731
4.269513008672448e-09, 0.0007721020602652382
4.3362241494329555e-09, 0.0007639163262074467
4.402935290193463e-09, 0.0007561355930389864
4.46964643095397e-09, 0.0007487420946308991
4.536357571714477e-09, 0.0007417184758816569
4.603068712474983e-09, 0.0007350478199884806
4.6697798532354904e-09, 0.0007287136701994302
4.7364909939959976e-09, 0.0007227000466640502
4.803202134756505e-09, 0.0007169914589421693
4.869913275517012e-09, 0.000711572914677306
4.936624416277519e-09, 0.0007064299248926181
5.003335557038025e-09, 0.0007015485063230692
5.0700466977985325e-09, 0.0006969151811571004
5.13675783855904e-09, 0.0006925169745242992
5.203468979319547e-09, 0.0006883414100320155
5.270180120080054e-09, 0.0006843765036233367
5.33689126084056e-09, 0.0006806107560010466
5.403602401601067e-09, 0.0006770331438368951
5.4703135423615745e-09, 0.0006736331099625448
5.537024683122082e-09, 0.0006704005527176594
5.603735823882589e-09, 0.000667325814611664
5.670446964643096e-09, 0.0006643996704384948
5.737158105403602e-09, 0.0006616133149680793
5.8038692461641095e-09, 0.0006589583503241628
5.870580386924617e-09, 0.0006564267731453182
5.937291527685124e-09, 0.000654010961614423
6.004002668445631e-09, 0.0006517036624314487
6.070713809206137e-09, 0.0006494979777949886
6.137424949966644e-09, 0.0006473873524494561
6.2041360907271515e-09, 0.0006453655608472465
6.270847231487659e-09, 0.0006434266944682724
6.337558372248166e-09, 0.0006415651493331156
6.404269513008674e-09, 0.0006397756137404996
6.47098065376918e-09, 0.0006380530562548241
6.537691794529687e-09, 0.0006363927139650878
6.604402935290194e-09, 0.0006347900810325548
6.6711140760507016e-09, 0.0006332408975410176
6.737825216811209e-09, 0.0006317411386603749
6.804536357571716e-09, 0.000630287004131478
6.871247498332222e-09, 0.000628874908077751
6.937958639092729e-09, 0.0006275014691469363
7.0046697798532365e-09, 0.0006261635009844241
7.071380920613744e-09, 0.0006248580030379728
7.138092061374251e-09, 0.0006235821516921834
7.204803202134757e-09, 0.0006223332917298475
7.271514342895264e-09, 0.0006211089281162174
7.338225483655771e-09, 0.0006199067181013211
7.4049366244162785e-09, 0.0006187244636346774
7.471647765176786e-09, 0.0006175601040861066
7.538358905937292e-09, 0.0006164117092657949
7.6050700466978e-09, 0.0006152774727363297
7.671781187458306e-09, 0.0006141557054090686
7.738492328218813e-09, 0.0006130448294169359
7.80520346897932e-09, 0.0006119433722555352
7.871914609739827e-09, 0.0006108499611843206
7.938625750500335e-09, 0.0006097633178794976
8.005336891260841e-09, 0.0006086822533302635
8.07204803202135e-09, 0.0006076056629700214
8.138759172781855e-09, 0.0006065325220342274
8.205470313542362e-09, 0.000605461881136607
8.27218145430287e-09, 0.0006043928620555764
8.338892595063376e-09, 0.0006033246537228193
8.405603735823884e-09, 0.0006022565084061189
8.47231487658439e-09, 0.000601187738078698
8.539026017344897e-09, 0.0006001177109674888
8.605737158105405e-09, 0.0005990458482729459
8.672448298865911e-09, 0.0005979716210531964
8.739159439626419e-09, 0.000596894547265528
8.805870580386925e-09, 0.0005958141889584158
8.872581721147432e-09, 0.0005947301496074973
8.93929286190794e-09, 0.0005936420715891104
9.006004002668446e-09, 0.0005925496337852337
9.072715143428954e-09, 0.0005914525493138547
9.13942628418946e-09, 0.0005903505633790306
9.206137424949967e-09, 0.0005892434512350885
9.272848565710475e-09, 0.0005881310162596352
9.339559706470981e-09, 0.0005870130881302395
9.406270847231489e-09, 0.0005858895210998532
9.472981987991995e-09, 0.0005847601923662332
9.539693128752503e-09, 0.0005836250005308138
9.60640426951301e-09, 0.0005824838641426673
9.673115410273516e-09, 0.0005813367203233754
9.739826551034024e-09, 0.0005801835234688023
9.80653769179453e-09, 0.0005790242440239426
9.873248832555038e-09, 0.0005778588673271743
9.939959973315544e-09, 0.0005766873925204121
1.000667111407605e-08, 0.0005755098315218146
1.0073382254836559e-08, 0.0005743262080578423
1.0140093395597065e-08, 0.0005731365567516171
1.0206804536357573e-08, 0.000571940922264666
1.027351567711808e-08, 0.000570739358489273
1.0340226817878586e-08, 0.0005695319277887898
1.0406937958639094e-08, 0.0005683187002833772
1.04736490993996e-08, 0.000567099753178781
1.0540360240160108e-08, 0.0005658751701358428
1.0607071380920614e-08, 0.0005646450406785741
1.067378252168112e-08, 0.0005634094596387196
1.0740493662441628e-08, 0.0005621685266348313
1.0807204803202135e-08, 0.0005609223455839878
1.0873915943962643e-08, 0.00055967102424437
1.0940627084723149e-08, 0.0005584146737870019
1.1007338225483657e-08, 0.0005571534083950479
1.1074049366244163e-08, 0.0005558873448891398
1.114076050700467e-08, 0.0005546166023772821
1.1207471647765178e-08, 0.0005533413019279614
1.1274182788525684e-08, 0.0005520615662651516
1.1340893929286192e-08, 0.0005507775194839782
1.1407605070046698e-08, 0.0005494892867858693
1.1474316210807205e-08, 0.0005481969942320734
1.1541027351567713e-08, 0.0005469007685144985
1.1607738492328219e-08, 0.000545600736742862
1.1674449633088727e-08, 0.0005442970262472143
1.1741160773849233e-08, 0.0005429897643949325
1.180787191460974e-08, 0.0005416790784213365
1.1874583055370248e-08, 0.0005403650952731264
1.1941294196130754e-08, 0.0005390479414638764
1.2008005336891262e-08, 0.0005377277429408692
1.2074716477651768e-08, 0.0005364046249625857
1.2141427618412274e-08, 0.000535078711986212
1.2208138759172782e-08, 0.0005337501275645496
1.2274849899933289e-08, 0.000532418994251756
1.2341561040693797e-08, 0.0005310854335173716
1.2408272181454303e-08, 0.0005297495656681198
1.2474983322214811e-08, 0.0005284115097769924
1.2541694462975317e-08, 0.000527071383619167
1.2608405603735824e-08, 0.0005257293036143162
1.2675116744496332e-08, 0.0005243853847749098
1.2741827885256838e-08, 0.0005230397406601158
1.2808539026017348e-08, 0.0005216924833349406
1.2875250166777854e-08, 0.0005203437233342672
1.294196130753836e-08, 0.000518993569631463
1.3008672448298868e-08, 0.0005176421296112574
1.3075383589059375e-08, 0.0005162895090465983
1.3142094729819882e-08, 0.0005149358120792177
1.3208805870580389e-08, 0.0005135811412036521
1.3275517011340895e-08, 0.000512225597254477
1.3342228152101403e-08, 0.0005108692793965281
1.340893929286191e-08, 0.0005095122851178985
1.3475650433622417e-08, 0.0005081547102255091
1.3542361574382924e-08, 0.0005067966488430655
1.3609072715143432e-08, 0.0005054381934112245
1.3675783855903938e-08, 0.0005040794346897999
1.3742494996664444e-08, 0.0005027204617618578
1.3809206137424952e-08, 0.0005013613620395458
1.3875917278185459e-08, 0.0005000022212715246
1.3942628418945967e-08, 0.000498643123551871
1.4009339559706473e-08, 0.000497284151330326
1.407605070046698e-08, 0.0004959253854237796
1.4142761841227487e-08, 0.0004945669050288832
1.4209472981987994e-08, 0.0004932087877356858
1.4276184122748502e-08, 0.0004918511095422057
1.4342895263509008e-08, 0.0004904939448698443
1.4409606404269514e-08, 0.0004891373665795641
1.4476317545030022e-08, 0.00048778144598874844
1.4543028685790528e-08, 0.00048642625288867656
1.4609739826551036e-08, 0.00048507185556254085
1.4676450967311543e-08, 0.00048371832080394803
1.4743162108072049e-08, 0.0004823657139358427
1.4809873248832557e-08, 0.000481014098829798
1.4876584389593063e-08, 0.00047966353792562415
1.494329553035357e-08, 0.00047831409225124557
1.501000667111408e-08, 0.00047696582144280276
1.5076717811874584e-08, 0.0004756187837649381
1.5143428952635092e-08, 0.0004742730361312246
1.52101400933956e-08, 0.0004729286341247061
1.5276851234156105e-08, 0.00047158563201851197
1.5343562374916613e-08, 0.0004702440827965182
1.541027351567712e-08, 0.0004689040381740238
1.5476984656437625e-08, 0.00046756554861842036
1.5543695797198133e-08, 0.00046622866336982555
1.561040693795864e-08, 0.0004648934304616614
1.567711807871915e-08, 0.00046355989674115724
1.5743829219479654e-08, 0.00046222810788975455
1.5810540360240162e-08, 0.0004608981084434013
1.587725150100067e-08, 0.00045956994181271495
1.5943962641761174e-08, 0.0004582436503030045
1.6010673782521682e-08, 0.00045691927513413316
1.607738492328219e-08, 0.0004555968564602142
1.61440960640427e-08, 0.0004542764333891259
1.6210807204803203e-08, 0.0004529580440018357
1.627751834556371e-08, 0.0004516417253715288
1.634422948632422e-08, 0.0004503275135825267
1.6410940627084724e-08, 0.0004490154437489935
1.647765176784523e-08, 0.0004477055500334222
1.654436290860574e-08, 0.00044639786566489406
1.6611074049366244e-08, 0.000445092422957109
1.6677785190126752e-08, 0.00044378925332617914
1.674449633088726e-08, 0.00044248838730818546
1.6811207471647768e-08, 0.00044118985457649164
1.6877918612408273e-08, 0.00043989368395881516
1.694462975316878e-08, 0.00043859990345405004
1.701134089392929e-08, 0.00043730854024884465
1.7078052034689793e-08, 0.0004360196207339278
1.71447631754503e-08, 0.000434733170520187
1.721147431621081e-08, 0.0004334492144544954
1.7278185456971317e-08, 0.00043216777663529027
1.7344896597731822e-08, 0.00043088888042789843
1.741160773849233e-08, 0.0004296125484796152
1.7478318879252838e-08, 0.00042833880273453336
1.7545030020013343e-08, 0.00042706766444812396
1.761174116077385e-08, 0.0004257991542015714
1.767845230153436e-08, 0.00042453329191586376
1.7745163442294863e-08, 0.0004232700968656384
1.781187458305537e-08, 0.0004220095876927876
1.787858572381588e-08, 0.0004207517824198233
1.7945296864576387e-08, 0.00041949669846300526
1.8012008005336892e-08, 0.00041824435264523323
1.80787191460974e-08, 0.0004169947612087059
1.8145430286857908e-08, 0.0004157479398273509
1.8212141427618412e-08, 0.00041450390361902464
1.827885256837892e-08, 0.0004132626671574881
1.834556370913943e-08, 0.00041202424448416033
1.8412274849899933e-08, 0.00041078864911965016
1.847898599066044e-08, 0.00040955589407507274
1.854569713142095e-08, 0.000408325991863151
1.8612408272181457e-08, 0.00040709895450910495
1.8679119412941962e-08, 0.00040587479356133413
1.874583055370247e-08, 0.00040465352010189356
1.8812541694462978e-08, 0.00040343514475676696
1.8879252835223482e-08, 0.00040221967770594095
1.894596397598399e-08, 0.0004010071286932832
1.9012675116744498e-08, 0.00039979750703622596
1.9079386257505006e-08, 0.00039859082163525966
1.914609739826551e-08, 0.00039738708098323945
1.921280853902602e-08, 0.00039618629317450695
1.9279519679786527e-08, 0.0003949884659138301
1.934623082054703e-08, 0.0003937936065251661
1.941294196130754e-08, 0.00039260172196024654
1.9479653102068047e-08, 0.0003914128188069926
1.9546364242828552e-08, 0.00039022690329775867
1.961307538358906e-08, 0.0003890439813174111
1.9679786524349568e-08, 0.0003878640584112414
1.9746497665110076e-08, 0.00038668713979272067
1.981320880587058e-08, 0.00038551323035109403
1.987991994663109e-08, 0.00038434233465882184
1.9946631087391597e-08, 0.00038317445697886676
2.00133422281521e-08, 0.0003820096012718332
2.008005336891261e-08, 0.000380847771202958
2.0146764509673117e-08, 0.0003796889701489586
2.0213475650433625e-08, 0.0003785332012047383
2.028018679119413e-08, 0.00037738046718995455
2.0346897931954638e-08, 0.000376230770655449
2.0413609072715146e-08, 0.0003750841138895451
2.048032021347565e-08, 0.0003739404989242151
2.054703135423616e-08, 0.000372799927541117
2.0613742494996667e-08, 0.00037166240127750605
2.068045363575717e-08, 0.0003705279214320236
2.074716477651768e-08, 0.0003693964890703623
2.0813875917278187e-08, 0.00036826810503081466
2.0880587058038695e-08, 0.00036714276992970353
2.09472981987992e-08, 0.0003660204841666992
2.1014009339559708e-08, 0.00036490124793002286
2.1080720480320216e-08, 0.0003637850612015424
2.114743162108072e-08, 0.00036267192376175807
2.121414276184123e-08, 0.0003615618351946848
2.1280853902601736e-08, 0.00036045479489262895
2.134756504336224e-08, 0.00035935080206086497
2.141427618412275e-08, 0.00035824985572221264
2.1480987324883257e-08, 0.00035715195472151587
2.1547698465643765e-08, 0.0003560570977300274
2.161440960640427e-08, 0.00035496528324969854
2.1681120747164778e-08, 0.0003538765096173789
2.1747831887925286e-08, 0.00035279077500892446
2.181454302868579e-08, 0.00035170807744321964
2.1881254169446298e-08, 0.00035062841478611145
2.1947965310206806e-08, 0.0003495517847542608
2.2014676450967314e-08, 0.0003484781849189096
2.208138759172782e-08, 0.000347407612709568
2.2148098732488327e-08, 0.000346340065417622
2.2214809873248835e-08, 0.0003452755401998628
2.228152101400934e-08, 0.00034421403408194096
2.2348232154769847e-08, 0.00034315554396174527
2.2414943295530355e-08, 0.000342100066612709
2.248165443629086e-08, 0.0003410475986870449
2.2548365577051368e-08, 0.0003399981367189091
2.2615076717811876e-08, 0.0003389516771274978
2.2681787858572384e-08, 0.0003379082162200759
2.274849899933289e-08, 0.00033686775019494027
2.2815210140093397e-08, 0.00033583027514431913
2.2881921280853905e-08, 0.0003347957870572064
2.294863242161441e-08, 0.0003337642818221379
2.3015343562374917e-08, 0.0003327357552299025
2.3082054703135425e-08, 0.0003317102029761988
2.314876584389593e-08, 0.00033068762066423
2.3215476984656438e-08, 0.0003296680038072452
2.3282188125416946e-08, 0.00032865134783102213
2.3348899266177454e-08, 0.00032763764807629806
2.341561040693796e-08, 0.0003266268998011464
2.3482321547698466e-08, 0.00032561909818330104
2.3549032688458974e-08, 0.00032461423832242997
2.361574382921948e-08, 0.00032361231524235867
2.3682454969979987e-08, 0.00032261332389324563
2.3749166110740495e-08, 0.00032161725915370843
2.3815877251501003e-08, 0.0003206241158329042
2.3882588392261508e-08, 0.00031963388867256354
2.3949299533022016e-08, 0.0003186465723489802
2.4016010673782524e-08, 0.00031766216147495637
2.4082721814543028e-08, 0.0003166806506017047
2.4149432955303536e-08, 0.00031570203422070885
2.4216144096064044e-08, 0.0003147263067655428
2.428285523682455e-08, 0.000313753462613649
2.4349566377585057e-08, 0.000312783496088078
2.4416277518345565e-08, 0.00031181640145918927
2.4482988659106073e-08, 0.00031085217294631333
2.4549699799866577e-08, 0.00030989080471937816
2.4616410940627085e-08, 0.00030893229090049867
2.4683122081387593e-08, 0.0003079766255655304
2.4749833222148098e-08, 0.00030702380274558926
2.4816544362908606e-08, 0.0003060738164285373
2.4883255503669114e-08, 0.00030512666056043384
2.4949966644429622e-08, 0.0003041823290469564
2.5016677785190127e-08, 0.0003032408157547873
2.5083388925950635e-08, 0.0003023021145129716
2.5150100066711143e-08, 0.000301366219114242
2.5216811207471647e-08, 0.00030043312331631605
2.5283522348232155e-08, 0.00029950282084316275
2.5350233488992663e-08, 0.0002985753053862416
2.5416944629753168e-08, 0.00029765057060571247
2.5483655770513676e-08, 0.0002967286101316195
2.5550366911274184e-08, 0.0002958094175650466
2.5617078052034695e-08, 0.00029489298647924865
2.56837891927952e-08, 0.0002939793104207554
2.5750500333555708e-08, 0.0002930683829104507
2.5817211474316216e-08, 0.00029216019744462794
2.588392261507672e-08, 0.0002912547474960204
2.595063375583723e-08, 0.00029035202651480876
2.6017344896597736e-08, 0.00028945202792960496
2.6084056037358244e-08, 0.0002885547451484146
2.615076717811875e-08, 0.000287660171559576
2.6217478318879257e-08, 0.0002867683005326786
2.6284189459639765e-08, 0.0002858791254194598
2.635090060040027e-08, 0.00028499263955468154
2.6417611741160778e-08, 0.00028410883625698595
2.6484322881921286e-08, 0.00028322770882973253
2.655103402268179e-08, 0.00028234925056181423
2.6617745163442298e-08, 0.0002814734547284562
2.6684456304202806e-08, 0.00028060031459199475
2.6751167444963314e-08, 0.00027972982340263947
2.681787858572382e-08, 0.0002788619743992162
2.6884589726484327e-08, 0.0002779967608098936
2.6951300867244835e-08, 0.00027713417585289264
2.701801200800534e-08, 0.0002762742127371793
2.7084723148765847e-08, 0.00027541686466314074
2.7151434289526355e-08, 0.00027456212482324604
2.7218145430286863e-08, 0.0002737099864026912
2.7284856571047368e-08, 0.0002728604425800286
2.7351567711807876e-08, 0.00027201348652778246
2.7418278852568384e-08, 0.00027116911141304863
2.748498999332889e-08, 0.00027032731039808045
2.7551701134089397e-08, 0.0002694880766408611
2.7618412274849905e-08, 0.0002686514032956625
2.768512341561041e-08, 0.000267817283513589
2.7751834556370917e-08, 0.0002669857104431109
2.7818545697131425e-08, 0.0002661566772305822
2.7885256837891933e-08, 0.0002653301770207485
2.7951967978652438e-08, 0.00026450620295724066
2.8018679119412946e-08, 0.0002636847481830574
2.8085390260173454e-08, 0.0002628658058410365
2.815210140093396e-08, 0.00026204936907431336
2.8218812541694466e-08, 0.00026123543102676974
2.8285523682454974e-08, 0.0002604239848434702
2.8352234823215482e-08, 0.00025961502367108927
2.8418945963975987e-08, 0.00025880854065832667
2.8485657104736495e-08, 0.00025800452895631315
2.8552368245497003e-08, 0.00025720298171900627
2.8619079386257508e-08, 0.0002564038921035759
2.8685790527018016e-08, 0.00025560725327078
2.8752501667778524e-08, 0.00025481305838533227
2.8819212808539028e-08, 0.00025402130061625866
2.8885923949299536e-08, 0.0002532319731372467
2.8952635090060044e-08, 0.00025244506912698453
2.9019346230820552e-08, 0.0002516605817694928
2.9086057371581057e-08, 0.0002508785042544462
2.9152768512341565e-08, 0.00025009882977748937
2.9219479653102073e-08, 0.00024932155154054186
2.9286190793862578e-08, 0.0002485466627520975
2.9352901934623086e-08, 0.0002477741566275152
2.9419613075383593e-08, 0.00024700402638930155
2.9486324216144098e-08, 0.00024623626526738726
2.9553035356904606e-08, 0.00024547086649939564
2.9619746497665114e-08, 0.0002447078233309041
2.9686457638425622e-08, 0.00024394712901569887
2.9753168779186127e-08, 0.0002431887768160232
2.981987991994664e-08, 0.0002424327600028182
2.988659106070714e-08, 0.00024167907185595805
2.995330220146765e-08, 0.00024092770566447842
3.002001334222816e-08, 0.000240178654726799
3.0086724482988663e-08, 0.00023943191235093944
3.015343562374917e-08, 0.0002386874718547305
3.022014676450968e-08, 0.0002379453265660176
3.0286857905270184e-08, 0.00023720546982286103
3.035356904603069e-08, 0.0002364678949737283
3.04202801867912e-08, 0.00023573259537768292
3.0486991327551705e-08, 0.00023499956440456687
3.055370246831221e-08, 0.00023426879543517827
3.062041360907272e-08, 0.00023354028186144384
3.0687124749833225e-08, 0.00023281401708658654
3.075383589059373e-08, 0.00023208999452528823
3.082054703135424e-08, 0.0002313682076038479
3.0887258172114746e-08, 0.00023064864976033486
3.095396931287525e-08, 0.00022993131444473775
3.102068045363576e-08, 0.00022921619511910885
3.1087391594396266e-08, 0.00022850328525770438
3.115410273515678e-08, 0.00022779257834712043
3.122081387591728e-08, 0.00022708406788642455
3.128752501667779e-08, 0.00022637774738728367
3.13542361574383e-08, 0.00022567361037408756
3.14209472981988e-08, 0.00022497165038406938
3.148765843895931e-08, 0.00022427186096742112
3.155436957971982e-08, 0.00022357423568740653
3.1621080720480324e-08, 0.00022287876812046987
3.168779186124083e-08, 0.00022218545185634101
3.175450300200134e-08, 0.00022149428049813755
3.1821214142761844e-08, 0.00022080524766246332
3.188792528352235e-08, 0.0002201183469795033
3.195463642428286e-08, 0.0002194335720931159
3.2021347565043365e-08, 0.0002187509166609216
3.208805870580387e-08, 0.00021807037435438886
3.215476984656438e-08, 0.0002173919388589165
3.2221480987324885e-08, 0.0002167156038739142
3.22881921280854e-08, 0.00021604136311287843
3.2354903268845895e-08, 0.0002153692103034676
3.2421614409606406e-08, 0.0002146991391875725
3.248832555036691e-08, 0.0002140311435213857
3.255503669112742e-08, 0.00021336521707546709
3.2621747831887927e-08, 0.0002127013536348077
3.268845897264844e-08, 0.00021203954699889049
3.2755170113408936e-08, 0.00021137979098174894
3.282188125416945e-08, 0.00021072207941202315
3.288859239492995e-08, 0.0002100664061330138
3.295530353569046e-08, 0.0002094127650027335
3.302201467645097e-08, 0.0002087611498939561
3.308872581721148e-08, 0.0002081115546942636
3.3155436957971984e-08, 0.00020746397330609188
3.322214809873249e-08, 0.0002068183996467724
3.328885923949299e-08, 0.00020617482764857413
3.3355570380253504e-08, 0.0002055332512587417
3.342228152101401e-08, 0.00020489366443953274
3.348899266177452e-08, 0.0002042560611682527
3.3555703802535025e-08, 0.00020362043543728812
3.3622414943295536e-08, 0.00020298678125413777
3.3689126084056034e-08, 0.00020235509264144262
3.3755837224816546e-08, 0.0002017253636370134
3.382254836557705e-08, 0.00020109758829385681
3.388925950633756e-08, 0.00020047176068020025
3.3955970647098066e-08, 0.00019984787487951466
3.402268178785858e-08, 0.0001992259249905355
3.408939292861908e-08, 0.00019860590512728332
3.415610406937959e-08, 0.00019798780941908113
3.42228152101401e-08, 0.00019737163201057222
3.42895263509006e-08, 0.00019675736706173497
3.4356237491661114e-08, 0.00019614500874789705
3.442294863242162e-08, 0.000195534551259748
3.448965977318213e-08, 0.00019492598880335068
3.4556370913942635e-08, 0.00019431931560015154
3.462308205470314e-08, 0.00019371452588698874
3.4689793195463644e-08, 0.00019311161391610043
3.4756504336224155e-08, 0.0001925105739551305
3.482321547698466e-08, 0.00019191140028713432
3.488992661774517e-08, 0.00019131408721058195
3.4956637758505676e-08, 0.00019071862903936203
3.502334889926619e-08, 0.00019012502010278248
3.5090060040026685e-08, 0.00018953325474557224
3.5156771180787197e-08, 0.0001889433273278802
3.52234823215477e-08, 0.0001883552322252744
3.529019346230821e-08, 0.00018776896382873906
3.535690460306872e-08, 0.00018718451654467218
3.542361574382923e-08, 0.00018660188479488032
3.5490326884589727e-08, 0.00018602106301657452
3.555703802535024e-08, 0.00018544204566236288
3.562374916611074e-08, 0.0001848648272002452
3.5690460306871254e-08, 0.00018428940211360372
3.575717144763176e-08, 0.00018371576490119578
3.582388258839227e-08, 0.0001831439100771433
3.5890593729152774e-08, 0.00018257383217092343
3.595730486991328e-08, 0.00018200552572735691
3.6024016010673784e-08, 0.000181438985306597
3.6090727151434295e-08, 0.00018087420548411614
3.61574382921948e-08, 0.00018031118085069366
3.622414943295531e-08, 0.0001797499060124013
3.6290860573715816e-08, 0.00017919037559058885
3.635757171447633e-08, 0.00017863258422186906
3.6424282855236825e-08, 0.00017807652655810142
3.6490993995997336e-08, 0.0001775221972663761
3.655770513675784e-08, 0.00017696959102899673
3.662441627751835e-08, 0.0001764187025434623
3.669112741827886e-08, 0.00017586952652244963
3.675783855903937e-08, 0.00017532205769379383
3.6824549699799866e-08, 0.00017477629080046953
3.689126084056038e-08, 0.00017423222060057033
3.695797198132088e-08, 0.00017368984186728903
3.7024683122081393e-08, 0.00017314914938889616
3.70913942628419e-08, 0.00017261013796871907
3.715810540360241e-08, 0.0001720728024251193
3.7224816544362914e-08, 0.00017153713759147105
3.729152768512342e-08, 0.00017100313831613768
3.7358238825883923e-08, 0.00017047079946244895
3.7424949966644435e-08, 0.0001699401159086769
3.749166110740494e-08, 0.00016941108254801216
3.755837224816545e-08, 0.00016888369428853906
3.7625083388925955e-08, 0.00016835794605321117
3.7691794529686467e-08, 0.00016783383277982545
3.7758505670446965e-08, 0.00016731134942099725
3.7825216811207476e-08, 0.00016679049094413362
3.789192795196798e-08, 0.00016627125233140784
3.795863909272849e-08, 0.00016575362857973165
3.8025350233488997e-08, 0.00016523761470072925
3.809206137424951e-08, 0.00016472320572070908
3.815877251501001e-08, 0.00016421039668063702
3.822548365577052e-08, 0.0001636991826361077
3.829219479653102e-08, 0.00016318955865731672
3.835890593729153e-08, 0.0001626815198290318
3.842561707805204e-08, 0.00016217506125056454
3.849232821881255e-08, 0.00016167017803574068
3.8559039359573054e-08, 0.0001611668653128713
3.8625750500333565e-08, 0.0001606651182247229
3.869246164109406e-08, 0.00016016493192848796
3.8759172781854574e-08, 0.00015966630159575457
3.882588392261508e-08, 0.00015916922241247648
3.889259506337559e-08, 0.0001586736895789423
3.8959306204136095e-08, 0.00015817969830974522
3.9026017344896606e-08, 0.00015768724383375174
3.9092728485657104e-08, 0.00015719632139407077
3.9159439626417616e-08, 0.0001567069262480225
3.922615076717812e-08, 0.00015621905366710673
3.929286190793863e-08, 0.0001557326989369711
3.9359573048699136e-08, 0.00015524785735738004
3.942628418945965e-08, 0.00015476452424218173
3.949299533022015e-08, 0.00015428269491927707
3.955970647098066e-08, 0.00015380236473058658
3.962641761174116e-08, 0.0001533235290320184
3.969312875250167e-08, 0.00015284618319343573
3.975983989326218e-08, 0.00015237032259862412
3.982655103402269e-08, 0.00015189594264525857
3.9893262174783193e-08, 0.00015142303874487065
3.9959973315543705e-08, 0.00015095160632281552
4.00266844563042e-08, 0.00015048164081823875
4.0093395597064714e-08, 0.00015001313768404304
4.016010673782522e-08, 0.00014954609238685478
4.022681787858573e-08, 0.00014908050040699064
4.0293529019346235e-08, 0.0001486163572384241
4.0360240160106746e-08, 0.00014815365838875157
4.042695130086725e-08, 0.00014769239937915905
4.0493662441627755e-08, 0.00014723257574438773
4.056037358238826e-08, 0.0001467741830327008
4.062708472314877e-08, 0.0001463172168058487
4.0693795863909276e-08, 0.00014586167263903603
4.076050700466979e-08, 0.00014540754612088645
4.082721814543029e-08, 0.00014495483285340943
4.08939292861908e-08, 0.0001445035284519653
4.09606404269513e-08, 0.00014405362854523149
4.102735156771181e-08, 0.00014360512877516796
4.109406270847232e-08, 0.00014315802479698302
4.116077384923283e-08, 0.00014271231227909876
4.122748498999333e-08, 0.00014226798690311672
4.1294196130753844e-08, 0.00014182504436378334
4.136090727151434e-08, 0.00014138348036895555
4.1427618412274854e-08, 0.00014094329063956605
4.149432955303536e-08, 0.00014050447090958908
4.156104069379587e-08, 0.00014006701692600545
4.1627751834556374e-08, 0.00013963092444876818
4.1694462975316886e-08, 0.00013919618925076769
4.176117411607739e-08, 0.00013876280711779752
4.1827885256837895e-08, 0.0001383307738485191
4.18945963975984e-08, 0.00013790008525442767
4.196130753835891e-08, 0.00013747073715981723
4.2028018679119415e-08, 0.000137042725401746
4.209472981987993e-08, 0.00013661604583000173
4.216144096064043e-08, 0.00013619069430706712
4.222815210140094e-08, 0.0001357666667080848
4.229486324216144e-08, 0.00013534395892082315
4.236157438292195e-08, 0.00013492256684564127
4.242828552368246e-08, 0.00013450248639545445
4.249499666444297e-08, 0.00013408371349569952
4.256170780520347e-08, 0.00013366624408430027
4.2628418945963984e-08, 0.00013325007411163264
4.269513008672448e-08, 0.00013283519954049042
4.276184122748499e-08, 0.00013242161634605034
4.28285523682455e-08, 0.00013200932051583787
4.289526350900601e-08, 0.0001315983080496923
4.2961974649766514e-08, 0.00013118857495973257
4.3028685790527025e-08, 0.00013078011727032246
4.309539693128753e-08, 0.00013037293101803642
4.3162108072048035e-08, 0.0001299670122516249
4.322881921280854e-08, 0.00012956235703198018
4.329553035356905e-08, 0.0001291589614321018
4.3362241494329555e-08, 0.00012875682153706242
4.3428952635090066e-08, 0.00012835593344397305
4.349566377585057e-08, 0.00012795629326194964
4.356237491661108e-08, 0.00012755789711207805
4.362908605737158e-08, 0.0001271607411273802
4.369579719813209e-08, 0.00012676482145277987
4.3762508338892596e-08, 0.00012637013424506875
4.382921947965311e-08, 0.00012597667567287217
4.389593062041361e-08, 0.00012558444191661513
4.3962641761174124e-08, 0.00012519342916848832
4.402935290193463e-08, 0.00012480363363241443
4.409606404269513e-08, 0.0001244150515240139
4.416277518345564e-08, 0.00012402767907057134
4.422948632421615e-08, 0.0001236415125110016
4.4296197464976654e-08, 0.0001232565480958164
4.4362908605737165e-08, 0.00012287278208708994
4.442961974649767e-08, 0.00012249021075842615
4.449633088725818e-08, 0.00012210883039492446
4.456304202801868e-08, 0.00012172863729314669
4.462975316877919e-08, 0.00012134962776108317
4.4696464309539695e-08, 0.0001209717981181199
4.4763175450300206e-08, 0.00012059514469500459
4.482988659106071e-08, 0.00012021966383381406
4.489659773182122e-08, 0.00011984535188792027
4.496330887258172e-08, 0.00011947220522195778
4.503002001334223e-08, 0.00011910022021179033
4.5096731154102736e-08, 0.00011872939324447775
4.516344229486325e-08, 0.00011835972071824315
4.523015343562375e-08, 0.0001179911990424401
4.529686457638426e-08, 0.0001176238246375194
4.536357571714477e-08, 0.00011725759393499653
4.543028685790527e-08, 0.00011689250337741885
4.549699799866578e-08, 0.0001165285494183332
4.556370913942629e-08, 0.00011616572852225284
4.563042028018679e-08, 0.00011580403716462525
4.5697131420947304e-08, 0.0001154434718317995
4.576384256170781e-08, 0.00011508402902099409
4.583055370246832e-08, 0.00011472570524026428
4.589726484322882e-08, 0.00011436849700847017
4.596397598398933e-08, 0.00011401240085524409
4.6030687124749834e-08, 0.00011365741332095911
4.6097398265510346e-08, 0.00011330353095669629
4.616410940627085e-08, 0.00011295075032421312
4.623082054703136e-08, 0.00011259906799591151
4.629753168779186e-08, 0.00011224848055480602
4.636424282855237e-08, 0.00011189898459449196
4.6430953969312876e-08, 0.00011155057671911366
4.649766511007339e-08, 0.000111203253543333
4.656437625083389e-08, 0.00011085701169229791
4.66310873915944e-08, 0.00011051184780161061
4.669779853235491e-08, 0.0001101677585172964
4.676450967311541e-08, 0.00010982474049577223
4.683122081387592e-08, 0.00010948279040381571
4.689793195463643e-08, 0.0001091419049185335
4.696464309539693e-08, 0.00010880208072733045
4.7031354236157444e-08, 0.00010846331452787859
4.709806537691795e-08, 0.00010812560302808611
4.716477651767846e-08, 0.0001077889429460663
4.723148765843896e-08, 0.00010745333101010706
4.729819879919947e-08, 0.00010711876395863993
4.7364909939959974e-08, 0.00010678523854020963
4.7431621080720485e-08, 0.00010645275151344303
4.749833222148099e-08, 0.00010612129964701936
4.75650433622415e-08, 0.000105790879719639
4.7631754503002006e-08, 0.00010546148851999384
4.769846564376251e-08, 0.00010513312284673621
4.7765176784523015e-08, 0.00010480577950844963
4.7831887925283527e-08, 0.00010447945532361777
4.789859906604403e-08, 0.00010415414712059498
4.796531020680454e-08, 0.00010382985173757604
4.803202134756505e-08, 0.00010350656602256657
4.809873248832556e-08, 0.00010318428683335266
4.8165443629086057e-08, 0.0001028630110374718
4.823215476984657e-08, 0.00010254273551218255
4.829886591060707e-08, 0.00010222345714443566
4.8365577051367584e-08, 0.00010190517283084391
4.843228819212809e-08, 0.00010158787947765302
4.84989993328886e-08, 0.00010127157400071224
4.85657104736491e-08, 0.00010095625332544511
4.863242161440961e-08, 0.00010064191438682015
4.8699132755170114e-08, 0.00010032855412932185
4.8765843895930625e-08, 0.00010001616950692146
4.883255503669113e-08, 9.970475748304838e-05
4.889926617745164e-08, 9.939431503056087e-05
4.8965977318212146e-08, 9.908483913171736e-05
4.903268845897265e-08, 9.877632677814791e-05
4.9099399599733155e-08, 9.846877497082537e-05
4.9166110740493666e-08, 9.816218072003684e-05
4.923282188125417e-08, 9.785654104535513e-05
4.929953302201468e-08, 9.755185297561047e-05
4.936624416277519e-08, 9.724811354886211e-05
4.94329553035357e-08, 9.694531981236999e-05
4.9499666444296196e-08, 9.664346882256659e-05
4.956637758505671e-08, 9.634255764502882e-05
4.963308872581721e-08, 9.604258335445021e-05
4.9699799866577723e-08, 9.574354303461238e-05
4.976651100733823e-08, 9.544543377835791e-05
4.983322214809874e-08, 9.514825268756199e-05
4.9899933288859244e-08, 9.485199687310498e-05
4.996664442961975e-08, 9.455666345484452e-05
5.0033355570380253e-08, 9.42622495615883e-05
5.0100066711140765e-08, 9.396875233106627e-05
5.016677785190127e-08, 9.36761689099035e-05
5.023348899266178e-08, 9.338449645359248e-05
5.0300200133422285e-08, 9.309373212646641e-05
5.0366911274182797e-08, 9.280387310167142e-05
5.0433622414943295e-08, 9.251491656113994e-05
5.0500333555703806e-08, 9.222685969556333e-05
5.056704469646431e-08, 9.193969970436535e-05
5.063375583722482e-08, 9.165343379567485e-05
5.0700466977985327e-08, 9.136805918629917e-05
5.076717811874584e-08, 9.108357310169752e-05
5.0833889259506336e-08, 9.079997277595425e-05
5.090060040026685e-08, 9.05172554517522e-05
5.096731154102735e-08, 9.023541838034636e-05
5.103402268178786e-08, 8.995445882153736e-05
5.110073382254837e-08, 8.967437404364535e-05
5.116744496330888e-08, 8.939516132348336e-05
5.123415610406939e-08, 8.91168179463314e-05
5.130086724482989e-08, 8.883934120591039e-05
5.13675783855904e-08, 8.856272840435589e-05
5.1434289526350904e-08, 8.828697685219241e-05
5.1501000667111416e-08, 8.801208386830727e-05
5.156771180787192e-08, 8.773804677992515e-05
5.163442294863243e-08, 8.746486292258194e-05
5.1701134089392936e-08, 8.719252964009944e-05
5.176784523015344e-08, 8.692104428455952e-05
5.1834556370913946e-08, 8.665040421627889e-05
5.190126751167446e-08, 8.638060680378343e-05
5.196797865243496e-08, 8.611164942378297e-05
5.203468979319547e-08, 8.584352946114589e-05
5.210140093395598e-08, 8.557624430887414e-05
5.216811207471649e-08, 8.530979136807789e-05
5.223482321547699e-08, 8.504416804795056e-05
5.23015343562375e-08, 8.47793717657438e-05
5.2368245496998e-08, 8.451539994674274e-05
5.2434956637758514e-08, 8.425225002424091e-05
5.250166777851902e-08, 8.398991943951568e-05
5.256837891927953e-08, 8.372840564180337e-05
5.263509006004003e-08, 8.346770608827497e-05
5.270180120080054e-08, 8.320781824401123e-05
5.2768512341561044e-08, 8.294873958197842e-05
5.2835223482321555e-08, 8.269046758300379e-05
5.290193462308206e-08, 8.243299973575147e-05
5.296864576384257e-08, 8.217633353669797e-05
5.3035356904603076e-08, 8.19204664901081e-05
5.310206804536358e-08, 8.16653961080109e-05
5.3168779186124085e-08, 8.141111991017567e-05
5.3235490326884596e-08, 8.11576354240877e-05
5.33022014676451e-08, 8.090494018492486e-05
5.336891260840561e-08, 8.065303173553326e-05
5.343562374916612e-08, 8.040190762640405e-05
5.350233488992663e-08, 8.015156541564911e-05
5.3569046030687126e-08, 7.990200266897808e-05
5.363575717144764e-08, 7.965321695967443e-05
5.370246831220814e-08, 7.940520586857208e-05
5.3769179452968654e-08, 7.915796698403198e-05
5.383589059372916e-08, 7.891149790191903e-05
5.390260173448967e-08, 7.866579622557842e-05
5.3969312875250174e-08, 7.842085956581281e-05
5.403602401601068e-08, 7.817668554085893e-05
5.4102735156771184e-08, 7.793327177636481e-05
5.4169446297531695e-08, 7.769061590536663e-05
5.42361574382922e-08, 7.74487155682658e-05
5.430286857905271e-08, 7.720756841280618e-05
5.4369579719813216e-08, 7.696717209405148e-05
5.443629086057373e-08, 7.672752427436219e-05
5.4503002001334225e-08, 7.648862262337329e-05
5.4569713142094736e-08, 7.625046481797149e-05
5.463642428285524e-08, 7.601304854227288e-05
5.470313542361575e-08, 7.57763714876004e-05
5.476984656437626e-08, 7.554043135246149e-05
5.483655770513677e-08, 7.530522584252584e-05
5.4903268845897266e-08, 7.507075267060328e-05
5.496997998665778e-08, 7.483700955662134e-05
5.503669112741828e-08, 7.460399422760345e-05
5.5103402268178793e-08, 7.437170441764671e-05
5.51701134089393e-08, 7.414013786790017e-05
5.523682454969981e-08, 7.390929232654269e-05
5.5303535690460314e-08, 7.367916554876134e-05
5.537024683122082e-08, 7.344975529672942e-05
5.543695797198132e-08, 7.322105933958508e-05
5.5503669112741835e-08, 7.299307545340941e-05
5.557038025350234e-08, 7.276580142120502e-05
5.563709139426285e-08, 7.253923503287453e-05
5.5703802535023355e-08, 7.231337408519927e-05
5.5770513675783866e-08, 7.208821638181758e-05
5.5837224816544364e-08, 7.186375973320397e-05
5.5903935957304876e-08, 7.164000195664756e-05
5.597064709806538e-08, 7.141694087623113e-05
5.603735823882589e-08, 7.119457432280971e-05
5.6104069379586396e-08, 7.097290013399001e-05
5.617078052034691e-08, 7.075191615410901e-05
5.623749166110741e-08, 7.053162023421346e-05
5.630420280186792e-08, 7.031201023203855e-05
5.637091394262842e-08, 7.009308401198766e-05
5.643762508338893e-08, 6.987483944511124e-05
5.650433622414944e-08, 6.965727440908646e-05
5.657104736490995e-08, 6.944038678819633e-05
5.6637758505670454e-08, 6.922417447330947e-05
5.6704469646430965e-08, 6.900863536185945e-05
5.677118078719146e-08, 6.879376735782446e-05
5.6837891927951974e-08, 6.857956837170691e-05
5.690460306871248e-08, 6.836603632051337e-05
5.697131420947299e-08, 6.815316912773411e-05
5.7038025350233495e-08, 6.794096472332308e-05
5.7104736490994006e-08, 6.772942104367768e-05
5.7171447631754504e-08, 6.75185360316191e-05
5.7238158772515015e-08, 6.730830763637189e-05
5.730486991327552e-08, 6.709873381354434e-05
5.737158105403603e-08, 6.68898125251086e-05
5.7438292194796536e-08, 6.668154173938091e-05
5.750500333555705e-08, 6.647391943100178e-05
5.757171447631755e-08, 6.626694358091645e-05
5.7638425617078057e-08, 6.606061217635515e-05
5.770513675783856e-08, 6.585492321081385e-05
5.777184789859907e-08, 6.564987468403444e-05
5.783855903935958e-08, 6.544546460198549e-05
5.790527018012009e-08, 6.524169097684282e-05
5.797198132088059e-08, 6.503855182697044e-05
5.8038692461641105e-08, 6.48360451769009e-05
5.81054036024016e-08, 6.463416905731649e-05
5.8172114743162114e-08, 6.443292150502984e-05
5.823882588392262e-08, 6.42323005629651e-05
5.830553702468313e-08, 6.403230428013876e-05
5.8372248165443634e-08, 6.383293071164075e-05
5.8438959306204146e-08, 6.363417791861561e-05
5.8505670446964644e-08, 6.343604396824369e-05
5.8572381587725155e-08, 6.323852693372211e-05
5.863909272848566e-08, 6.304162489424653e-05
5.870580386924617e-08, 6.2845335934992e-05
5.8772515010006676e-08, 6.264965814709475e-05
5.883922615076719e-08, 6.245458962763335e-05
5.890593729152769e-08, 6.226012847961051e-05
5.8972648432288196e-08, 6.206627281193438e-05
5.90393595730487e-08, 6.18730207394005e-05
5.910607071380921e-08, 6.168037038267312e-05
5.917278185456972e-08, 6.148831986826724e-05
5.923949299533023e-08, 6.129686732853032e-05
5.930620413609073e-08, 6.110601090162405e-05
5.9372915276851244e-08, 6.091574873150643e-05
5.943962641761174e-08, 6.0726078967913664e-05
5.9506337558372253e-08, 6.053699976634209e-05
5.957304869913276e-08, 6.034850928803043e-05
5.963975983989328e-08, 6.016060569994178e-05
5.970647098065377e-08, 5.997328717474598e-05
5.977318212141429e-08, 5.978655189080168e-05
5.983989326217478e-08, 5.9600398032138714e-05
5.99066044029353e-08, 5.9414823788440455e-05
5.99733155436958e-08, 5.922982735502632e-05
6.004002668445632e-08, 5.904540693283406e-05
6.010673782521682e-08, 5.886156072840242e-05
6.017344896597733e-08, 5.867828695385363e-05
6.024016010673782e-08, 5.849558382687615e-05
6.030687124749834e-08, 5.831344957070719e-05
6.037358238825885e-08, 5.813188241411556e-05
6.044029352901936e-08, 5.795088059138442e-05
6.050700466977986e-08, 5.7770442342294206e-05
6.057371581054037e-08, 5.7590565912105394e-05
6.064042695130087e-08, 5.741124955154147e-05
6.070713809206138e-08, 5.723249151677206e-05
6.077384923282189e-08, 5.705429006939588e-05
6.08405603735824e-08, 5.6876643476423826e-05
6.09072715143429e-08, 5.669955001026221e-05
6.097398265510341e-08, 5.652300794869586e-05
6.104069379586391e-08, 5.63470155748716e-05
6.110740493662442e-08, 5.617157117728123e-05
6.117411607738493e-08, 5.599667304974527e-05
6.124082721814544e-08, 5.582231949139605e-05
6.130753835890594e-08, 5.56485088066615e-05
6.137424949966645e-08, 5.5475239305248245e-05
6.144096064042695e-08, 5.5302509302125694e-05
6.150767178118746e-08, 5.51303171175092e-05
6.157438292194797e-08, 5.49586610768441e-05
6.164109406270848e-08, 5.47875395107891e-05
6.170780520346898e-08, 5.46169507552004e-05
6.177451634422949e-08, 5.444689315111523e-05
6.184122748499e-08, 5.42773650447359e-05
6.19079386257505e-08, 5.4108364787413605e-05
6.197464976651101e-08, 5.3939890735632585e-05
6.204136090727152e-08, 5.377194125099391e-05
6.210807204803202e-08, 5.3604514700199735e-05
6.217478318879253e-08, 5.3437609455037364e-05
6.224149432955304e-08, 5.327122389236343e-05
6.230820547031356e-08, 5.31053563940881e-05
6.237491661107405e-08, 5.294000534715936e-05
6.244162775183456e-08, 5.277516914354735e-05
6.250833889259506e-08, 5.261084618022877e-05
6.257505003335557e-08, 5.244703485917115e-05
6.264176117411609e-08, 5.228373358731749e-05
6.27084723148766e-08, 5.212094077657068e-05
6.27751834556371e-08, 5.1958654843778107e-05
6.28418945963976e-08, 5.179687421071623e-05
6.29086057371581e-08, 5.1635597304075235e-05
6.297531687791862e-08, 5.147482255544375e-05
6.304202801867913e-08, 5.131454840129369e-05
6.310873915943964e-08, 5.115477328296491e-05
6.317545030020014e-08, 5.099549564665009e-05
6.324216144096065e-08, 5.0836713943379716e-05
6.330887258172115e-08, 5.0678426629006975e-05
6.337558372248166e-08, 5.0520632164192695e-05
6.344229486324217e-08, 5.036332901439044e-05
6.350900600400268e-08, 5.020651564983153e-05
6.357571714476318e-08, 5.0050190545510316e-05
6.364242828552369e-08, 4.989435218116917e-05
6.370913942628419e-08, 4.973899904128379e-05
6.37758505670447e-08, 4.958412961504846e-05
6.384256170780521e-08, 4.942974239636146e-05
6.390927284856572e-08, 4.927583588381016e-05
6.397598398932622e-08, 4.912240858065677e-05
6.404269513008673e-08, 4.89694589948235e-05
6.410940627084724e-08, 4.881698563887824e-05
6.417611741160774e-08, 4.866498703001993e-05
6.424282855236825e-08, 4.85134616900643e-05
6.430953969312876e-08, 4.8362408145429504e-05
6.437625083388926e-08, 4.821182492712164e-05
6.444296197464977e-08, 4.8061710570720576e-05
6.450967311541028e-08, 4.791206361636564e-05
6.45763842561708e-08, 4.7762882608741675e-05
6.464309539693129e-08, 4.761416609706447e-05
6.470980653769179e-08, 4.7465912635067006e-05
6.477651767845231e-08, 4.7318120780985185e-05
6.484322881921281e-08, 4.717078909754405e-05
6.490993995997332e-08, 4.702391615194351e-05
6.497665110073382e-08, 4.6877500515844596e-05
6.504336224149435e-08, 4.673154076535553e-05
6.511007338225484e-08, 4.658603548101798e-05
6.517678452301534e-08, 4.644098324779304e-05
6.524349566377585e-08, 4.6296382655047655e-05
6.531020680453636e-08, 4.6152232296540816e-05
6.537691794529688e-08, 4.600853077041001e-05
6.544362908605737e-08, 4.5865276679157384e-05
6.551034022681787e-08, 4.572246862963635e-05
6.55770513675784e-08, 4.558010523303791e-05
6.56437625083389e-08, 4.543818510487728e-05
6.57104736490994e-08, 4.529670686498027e-05
6.57771847898599e-08, 4.515566913747001e-05
6.584389593062043e-08, 4.5015070550753446e-05
6.591060707138093e-08, 4.4874909737508156e-05
6.597731821214142e-08, 4.47351853346689e-05
6.604402935290194e-08, 4.4595895983414465e-05
6.611074049366245e-08, 4.445704032915437e-05
6.617745163442296e-08, 4.4318617021515836e-05
6.624416277518346e-08, 4.418062471433051e-05
6.631087391594397e-08, 4.404306206562144e-05
6.637758505670448e-08, 4.3905927737590005e-05
6.644429619746498e-08, 4.376922039660298e-05
6.651100733822549e-08, 4.363293871317943e-05
6.657771847898599e-08, 4.349708136197791e-05
6.664442961974651e-08, 4.336164702178352e-05
6.671114076050701e-08, 4.32266343754951e-05
6.677785190126752e-08, 4.3092042110112354e-05
6.684456304202802e-08, 4.2957868916723115e-05
6.691127418278853e-08, 4.282411349049061e-05
6.697798532354904e-08, 4.2690774530640876e-05
6.704469646430954e-08, 4.2557850740449956e-05
6.711140760507005e-08, 4.2425340827231314e-05
6.717811874583056e-08, 4.2293243502323383e-05
6.724482988659107e-08, 4.216155748107694e-05
6.731154102735157e-08, 4.203028148284262e-05
6.737825216811207e-08, 4.1899414230958474e-05
6.744496330887259e-08, 4.1768954452737525e-05
6.751167444963309e-08, 4.163890087945554e-05
6.75783855903936e-08, 4.1509252246338446e-05
6.76450967311541e-08, 4.138000729255024e-05
6.771180787191463e-08, 4.12511647611806e-05
6.777851901267512e-08, 4.1122723399232786e-05
6.784523015343562e-08, 4.0994681957611334e-05
6.791194129419613e-08, 4.086703919110996e-05
6.797865243495664e-08, 4.0739793858399465e-05
6.804536357571716e-08, 4.0612944722015654e-05
6.811207471647765e-08, 4.0486490548347316e-05
6.817878585723816e-08, 4.0360430107624185e-05
6.824549699799868e-08, 4.0234762173905e-05
6.831220813875917e-08, 4.010948552506564e-05
6.837891927951969e-08, 3.998459894278717e-05
6.84456304202802e-08, 3.9860101212544e-05
6.851234156104071e-08, 3.9735991123592145e-05
6.85790527018012e-08, 3.96122674689573e-05
6.864576384256172e-08, 3.9488929045423334e-05
6.871247498332223e-08, 3.936597465352033e-05
6.877918612408273e-08, 3.924340309751318e-05
6.884589726484324e-08, 3.9121213185389684e-05
6.891260840560374e-08, 3.899940372884922e-05
6.897931954636426e-08, 3.8877973543290994e-05
6.904603068712476e-08, 3.875692144780265e-05
6.911274182788527e-08, 3.8636246265148696e-05
6.917945296864577e-08, 3.8515946821759104e-05
6.924616410940628e-08, 3.839602194771787e-05
6.931287525016679e-08, 3.827647047675172e-05
6.937958639092729e-08, 3.8157291246218644e-05
6.94462975316878e-08, 3.8038483097096666e-05
6.951300867244831e-08, 3.7920044873972495e-05
6.957971981320882e-08, 3.780197542503049e-05
6.964643095396932e-08, 3.76842736020412e-05
6.971314209472982e-08, 3.756693826035039e-05
6.977985323549034e-08, 3.744996825886773e-05
6.984656437625084e-08, 3.733336246005599e-05
6.991327551701135e-08, 3.721711972991964e-05
6.997998665777185e-08, 3.710123893799404e-05
7.004669779853237e-08, 3.698571895733431e-05
7.011340893929287e-08, 3.68705586645046e-05
7.018012008005337e-08, 3.67557569395669e-05
7.024683122081388e-08, 3.664131266607026e-05
7.031354236157439e-08, 3.652722473103991e-05
7.03802535023349e-08, 3.64134920249666e-05
7.04469646430954e-08, 3.630011344179551e-05
7.05136757838559e-08, 3.618708787891573e-05
7.058038692461643e-08, 3.6074414237149445e-05
7.064709806537692e-08, 3.5962091420741324e-05
7.071380920613743e-08, 3.585011833734768e-05
7.078052034689793e-08, 3.573849389802609e-05
7.084723148765846e-08, 3.5627217017224574e-05
7.091394262841896e-08, 3.5516286612771314e-05
7.098065376917945e-08, 3.540570160586381e-05
7.104736490993996e-08, 3.5295460921058604e-05
7.111407605070048e-08, 3.5185563486260774e-05
7.118078719146099e-08, 3.50760082327135e-05
7.124749833222149e-08, 3.496679409498766e-05
7.1314209472982e-08, 3.485792001097148e-05
7.138092061374251e-08, 3.4749384921860196e-05
7.1447631754503e-08, 3.4641187772145776e-05
7.151434289526352e-08, 3.453332750960665e-05
7.158105403602401e-08, 3.442580308529748e-05
7.164776517678454e-08, 3.431861345353888e-05
7.171447631754504e-08, 3.421175757190745e-05
7.178118745830555e-08, 3.4105234401225385e-05
7.184789859906605e-08, 3.399904290555057e-05
7.191460973982656e-08, 3.389318205216636e-05
7.198132088058707e-08, 3.37876508115717e-05
7.204803202134757e-08, 3.368244815747094e-05
7.211474316210808e-08, 3.3577573066763924e-05
7.218145430286859e-08, 3.3473024519536124e-05
7.22481654436291e-08, 3.3368801499048605e-05
7.23148765843896e-08, 3.3264902991728156e-05
7.23815877251501e-08, 3.3161327987157504e-05
7.244829886591062e-08, 3.3058075478065395e-05
7.251501000667112e-08, 3.295514446031689e-05
7.258172114743163e-08, 3.2852533932903536e-05
7.264843228819213e-08, 3.275024289793364e-05
7.271514342895265e-08, 3.2648270360622565e-05
7.278185456971315e-08, 3.254661532928313e-05
7.284856571047365e-08, 3.244527681531582e-05
7.291527685123416e-08, 3.234425383319929e-05
7.298198799199467e-08, 3.224354540048074e-05
7.304869913275518e-08, 3.214315053776642e-05
7.311541027351568e-08, 3.204306826871195e-05
7.318212141427618e-08, 3.194329762001301e-05
7.32488325550367e-08, 3.1843837621395726e-05
7.33155436957972e-08, 3.174468730560737e-05
7.338225483655771e-08, 3.164584570840685e-05
7.344896597731821e-08, 3.154731186855534e-05
7.351567711807874e-08, 3.1449084827806986e-05
7.358238825883923e-08, 3.1351163630899586e-05
7.364909939959973e-08, 3.1253547325545224e-05
7.371581054036024e-08, 3.1156234962421086e-05
7.378252168112076e-08, 3.1059225595160176e-05
7.384923282188127e-08, 3.0962518280342206e-05
7.391594396264176e-08, 3.0866112077484275e-05
7.398265510340228e-08, 3.0770006049031845e-05
7.404936624416279e-08, 3.067419926034953e-05
7.411607738492328e-08, 3.057869077971214e-05
7.41827885256838e-08, 3.0483479678295486e-05
7.42494996664443e-08, 3.038856503016739e-05
7.431621080720482e-08, 3.029394591227869e-05
7.438292194796532e-08, 3.0199621404454287e-05
7.444963308872583e-08, 3.0105590589384164e-05
7.451634422948633e-08, 3.001185255261447e-05
7.458305537024684e-08, 2.991840638253859e-05
7.464976651100735e-08, 2.982525117038839e-05
7.471647765176785e-08, 2.973238601022527e-05
7.478318879252836e-08, 2.9639809998931405e-05
7.484989993328887e-08, 2.9547522236200892e-05
7.491661107404938e-08, 2.9455521824531165e-05
7.498332221480988e-08, 2.9363807869214064e-05
7.505003335557038e-08, 2.9272379478327268e-05
7.51167444963309e-08, 2.9181235762725512e-05
7.51834556370914e-08, 2.9090375836032117e-05
7.525016677785191e-08, 2.8999798814630194e-05
7.531687791861241e-08, 2.8909503817654073e-05
7.538358905937293e-08, 2.881948996698084e-05
7.545030020013343e-08, 2.872975638722175e-05
7.551701134089393e-08, 2.8640302205713674e-05
7.558372248165444e-08, 2.8551126552510613e-05
7.565043362241495e-08, 2.8462228560375273e-05
7.571714476317546e-08, 2.8373607364770688e-05
7.578385590393596e-08, 2.828526210385169e-05
7.585056704469647e-08, 2.8197191918456565e-05
7.591727818545698e-08, 2.8109395952098726e-05
7.598398932621748e-08, 2.8021873350958455e-05
7.605070046697799e-08, 2.7934623263874414e-05
7.611741160773849e-08, 2.7847644842335524e-05
7.618412274849902e-08, 2.776093724047263e-05
7.625083388925951e-08, 2.7674499615050384e-05
7.631754503002002e-08, 2.7588331125458877e-05
7.638425617078052e-08, 2.7502430933705595e-05
7.645096731154103e-08, 2.7416798204407217e-05
7.651767845230155e-08, 2.733143210478154e-05
7.658438959306204e-08, 2.7246331804639296e-05
7.665110073382255e-08, 2.716149647637616e-05
7.671781187458307e-08, 2.7076925294964628e-05
7.678452301534358e-08, 2.699261743794609e-05
7.685123415610408e-08, 2.6908572085422726e-05
7.691794529686457e-08, 2.6824788420049603e-05
7.69846564376251e-08, 2.6741265627026702e-05
7.70513675783856e-08, 2.6658002894091e-05
7.711807871914611e-08, 2.6574999411508565e-05
7.71847898599066e-08, 2.649225437206667e-05
7.725150100066713e-08, 2.640976697106597e-05
7.731821214142763e-08, 2.6327536406312672e-05
7.738492328218813e-08, 2.624556187811072e-05
7.745163442294864e-08, 2.616384258925401e-05
7.751834556370915e-08, 2.6082377745018644e-05
7.758505670446966e-08, 2.600116655315525e-05
7.765176784523016e-08, 2.592020822388119e-05
7.771847898599066e-08, 2.583950196987295e-05
7.778519012675118e-08, 2.5759047006258436e-05
7.785190126751168e-08, 2.5678842550609377e-05
7.791861240827219e-08, 2.5598887822933716e-05
7.798532354903269e-08, 2.5519182045667973e-05
7.805203468979321e-08, 2.5439724443669748e-05
7.811874583055371e-08, 2.5360514244210153e-05
7.818545697131421e-08, 2.5281550676966294e-05
7.825216811207472e-08, 2.5202832974013777e-05
7.831887925283523e-08, 2.5124360369819257e-05
7.838559039359574e-08, 2.5046132101232992e-05
7.845230153435624e-08, 2.49681474074814e-05
7.851901267511675e-08, 2.489040553015968e-05
7.858572381587726e-08, 2.481290571322441e-05
7.865243495663776e-08, 2.473564720298626e-05
7.871914609739827e-08, 2.465862924810259e-05
7.878585723815877e-08, 2.4581851099570158e-05
7.88525683789193e-08, 2.4505312010717847e-05
7.891927951967979e-08, 2.4429011237199464e-05
7.89859906604403e-08, 2.435294803698637e-05
7.90527018012008e-08, 2.4277121670360366e-05
7.911941294196131e-08, 2.4201531399906467e-05
7.918612408272182e-08, 2.412617649050574e-05
7.925283522348232e-08, 2.4051056209328144e-05
7.931954636424283e-08, 2.3976169825825398e-05
7.938625750500335e-08, 2.390151661172389e-05
7.945296864576386e-08, 2.38270958410176e-05
7.951967978652435e-08, 2.3752906789961027e-05
7.958639092728485e-08, 2.3678948737062144e-05
7.965310206804538e-08, 2.3605220963075374e-05
7.971981320880588e-08, 2.3531722750994665e-05
7.978652434956639e-08, 2.345845338604642e-05
7.985323549032688e-08, 2.338541215568262e-05
7.991994663108741e-08, 2.331259834957379e-05
7.998665777184791e-08, 2.3240011259602288e-05
8.00533689126084e-08, 2.316765017985521e-05
8.012008005336892e-08, 2.3095514406617632e-05
8.018679119412943e-08, 2.3023603238365716e-05
8.025350233488994e-08, 2.2951915975759994e-05
8.032021347565044e-08, 2.2880451921638418e-05
8.038692461641095e-08, 2.2809210381009686e-05
8.045363575717146e-08, 2.2738190661046404e-05
8.052034689793196e-08, 2.2667392071078486e-05
8.058705803869247e-08, 2.259681392258626e-05
8.065376917945297e-08, 2.2526455529193882e-05
8.072048032021349e-08, 2.2456316206662623e-05
8.078719146097399e-08, 2.2386395272884284e-05
8.08539026017345e-08, 2.2316692047874452e-05
8.0920613742495e-08, 2.2247205853765947e-05
8.098732488325551e-08, 2.2177936014802214e-05
8.105403602401602e-08, 2.2108881857330814e-05
8.112074716477652e-08, 2.2040042709796785e-05
8.118745830553703e-08, 2.1971417902736125e-05
8.125416944629754e-08, 2.190300676876932e-05
8.132088058705805e-08, 2.1834808642594876e-05
8.138759172781855e-08, 2.176682286098274e-05
8.145430286857905e-08, 2.169904876276797e-05
8.152101400933957e-08, 2.1631485688844205e-05
8.158772515010007e-08, 2.1564132982157396e-05
8.165443629086058e-08, 2.1496989987699232e-05
8.172114743162108e-08, 2.1430056052500887e-05
8.17878585723816e-08, 2.1363330525626663e-05
8.18545697131421e-08, 2.129681275816765e-05
8.19212808539026e-08, 2.1230502103235374e-05
8.198799199466311e-08, 2.116439791595557e-05
8.205470313542362e-08, 2.1098499553461853e-05
8.212141427618414e-08, 2.1032806374889524e-05
8.218812541694463e-08, 2.0967317741369285e-05
8.225483655770513e-08, 2.0902033016021053e-05
8.232154769846566e-08, 2.0836951563947753e-05
8.238825883922615e-08, 2.077207275222918e-05
8.245496997998667e-08, 2.0707395949915796e-05
8.252168112074716e-08, 2.0642920528022596e-05
8.258839226150769e-08, 2.057864585952303e-05
8.265510340226819e-08, 2.05145713193429e-05
8.272181454302868e-08, 2.0450696284354232e-05
8.27885256837892e-08, 2.038702013336926e-05
8.285523682454971e-08, 2.0323542247134376e-05
8.292194796531022e-08, 2.0260262008324117e-05
8.298865910607072e-08, 2.0197178801535132e-05
8.305537024683123e-08, 2.0134292013280233e-05
8.312208138759174e-08, 2.0071601031982384e-05
8.318879252835224e-08, 2.000910524796881e-05
8.325550366911275e-08, 1.994680405346503e-05
8.332221480987325e-08, 1.9884696842588947e-05
8.338892595063377e-08, 1.9822783011344956e-05
8.345563709139427e-08, 1.976106195761811e-05
8.352234823215478e-08, 1.96995330811682e-05
8.358905937291528e-08, 1.9638195783623974e-05
8.365577051367579e-08, 1.957704946847726e-05
8.37224816544363e-08, 1.951609354107724e-05
8.37891927951968e-08, 1.94553274086246e-05
8.385590393595731e-08, 1.93947504801658e-05
8.392261507671782e-08, 1.9334362166587296e-05
8.398932621747833e-08, 1.9274161880609878e-05
8.405603735823883e-08, 1.9214149036782867e-05
8.412274849899933e-08, 1.9154323051478502e-05
8.418945963975985e-08, 1.9094683342886193e-05
8.425617078052035e-08, 1.9035229331006933e-05
8.432288192128086e-08, 1.8975960437647612e-05
8.438959306204136e-08, 1.8916876086415412e-05
8.445630420280189e-08, 1.8857975702712173e-05
8.452301534356238e-08, 1.8799258713728857e-05
8.458972648432288e-08, 1.874072454843994e-05
8.465643762508339e-08, 1.8682372637597857e-05
8.47231487658439e-08, 1.8624202413727465e-05
8.478985990660442e-08, 1.8566213311120576e-05
8.485657104736491e-08, 1.8508404765830387e-05
8.492328218812541e-08, 1.8450776215666017e-05
8.498999332888594e-08, 1.839332710018706e-05
8.505670446964643e-08, 1.8336056860698125e-05
8.512341561040695e-08, 1.827896494024338e-05
8.519012675116744e-08, 1.822205078360118e-05
8.525683789192797e-08, 1.816531383727859e-05
8.532354903268847e-08, 1.810875354950613e-05
8.539026017344896e-08, 1.8052369370232266e-05
8.545697131420949e-08, 1.799616075111816e-05
8.552368245496999e-08, 1.79401271455323e-05
8.55903935957305e-08, 1.7884268008545194e-05
8.5657104736491e-08, 1.782858279692406e-05
8.572381587725152e-08, 1.7773070969127514e-05
8.579052701801202e-08, 1.771773198530039e-05
8.585723815877252e-08, 1.7662565307268442e-05
8.592394929953303e-08, 1.7607570398533042e-05
8.599066044029354e-08, 1.755274672426609e-05
8.605737158105405e-08, 1.7498093751304735e-05
8.612408272181455e-08, 1.7443610948146158e-05
8.619079386257506e-08, 1.7389297784942533e-05
8.625750500333557e-08, 1.7335153733495697e-05
8.632421614409607e-08, 1.728117826725218e-05
8.639092728485658e-08, 1.7227370861297993e-05
8.645763842561708e-08, 1.7173730992353514e-05
8.65243495663776e-08, 1.712025813876844e-05
8.65910607071381e-08, 1.706695178051674e-05
8.665777184789861e-08, 1.7013811399191486e-05
8.672448298865911e-08, 1.6960836477999947e-05
8.679119412941962e-08, 1.6908026501758448e-05
8.685790527018013e-08, 1.6855380956887452e-05
8.692461641094063e-08, 1.6802899331406525e-05
8.699132755170114e-08, 1.675058111492931e-05
8.705803869246165e-08, 1.6698425798658656e-05
8.712474983322216e-08, 1.6646432875381627e-05
8.719146097398266e-08, 1.659460183946452e-05
8.725817211474316e-08, 1.6542932186848046e-05
8.732488325550369e-08, 1.6491423415042338e-05
8.739159439626418e-08, 1.6440075023122126e-05
8.74583055370247e-08, 1.638888651172185e-05
8.752501667778519e-08, 1.633785738303075e-05
8.759172781854572e-08, 1.6286987140788114e-05
8.765843895930622e-08, 1.6236275290278415e-05
8.772515010006671e-08, 1.618572133832644e-05
8.779186124082722e-08, 1.61353247932926e-05
8.785857238158774e-08, 1.6085085165068068e-05
8.792528352234825e-08, 1.6035001965070052e-05
8.799199466310875e-08, 1.5985074706237033e-05
8.805870580386926e-08, 1.5935302903024006e-05
8.812541694462977e-08, 1.5885686071397804e-05
8.819212808539027e-08, 1.583622372883237e-05
8.825883922615078e-08, 1.578691539430403e-05
8.832555036691128e-08, 1.573776058828688e-05
8.83922615076718e-08, 1.5688758832748055e-05
8.84589726484323e-08, 1.563990965114313e-05
8.852568378919281e-08, 1.559121256841149e-05
8.859239492995331e-08, 1.554266711097166e-05
8.865910607071382e-08, 1.5494272806716695e-05
8.872581721147433e-08, 1.5446029185009723e-05
8.879252835223483e-08, 1.539793577667917e-05
8.885923949299534e-08, 1.5349992114014353e-05
8.892595063375585e-08, 1.5302197730760822e-05
8.899266177451636e-08, 1.5254552162115924e-05
8.905937291527686e-08, 1.5207054944724223e-05
8.912608405603736e-08, 1.5159705616672991e-05
8.919279519679788e-08, 1.5112503717487704e-05
8.925950633755838e-08, 1.5065448788127689e-05
8.932621747831889e-08, 1.5018540370981462e-05
8.939292861907939e-08, 1.4971778009862405e-05
8.945963975983991e-08, 1.4925161250004326e-05
8.952635090060041e-08, 1.4878689638056995e-05
8.959306204136091e-08, 1.4832362722081762e-05
8.965977318212142e-08, 1.4786180051547135e-05
8.972648432288193e-08, 1.4740141177324398e-05
8.979319546364244e-08, 1.4694245651683342e-05
8.985990660440294e-08, 1.464849302828774e-05
8.992661774516344e-08, 1.4602882862191133e-05
8.999332888592396e-08, 1.4557414709832469e-05
9.006004002668446e-08, 1.4512088129031797e-05
9.012675116744497e-08, 1.4466902678985913e-05
9.019346230820547e-08, 1.4421857920264172e-05
9.0260173448966e-08, 1.4376953414804097e-05
9.03268845897265e-08, 1.4332188725907261e-05
9.039359573048699e-08, 1.428756341823489e-05
9.04603068712475e-08, 1.424307705780371e-05
9.052701801200802e-08, 1.4198729211981741e-05
9.059372915276853e-08, 1.4154519449484068e-05
9.066044029352902e-08, 1.4110447340368594e-05
9.072715143428954e-08, 1.4066512456031972e-05
9.079386257505005e-08, 1.4022714369205316e-05
9.086057371581055e-08, 1.3979052653950137e-05
9.092728485657106e-08, 1.3935526885654168e-05
9.099399599733155e-08, 1.3892136641027196e-05
9.106070713809208e-08, 1.3848881498097022e-05
9.112741827885258e-08, 1.3805761036205313e-05
9.119412941961309e-08, 1.3762774836003483e-05
9.126084056037359e-08, 1.371992247944869e-05
9.13275517011341e-08, 1.3677203549799686e-05
9.139426284189461e-08, 1.3634617631612838e-05
9.146097398265511e-08, 1.3592164310738055e-05
9.152768512341562e-08, 1.3549843174314737e-05
9.159439626417613e-08, 1.3507653810767802e-05
9.166110740493664e-08, 1.3465595809803674e-05
9.172781854569714e-08, 1.3423668762406247e-05
9.179452968645764e-08, 1.3381872260833003e-05
9.186124082721816e-08, 1.3340205898610927e-05
9.192795196797866e-08, 1.3298669270532652e-05
9.199466310873917e-08, 1.325726197265249e-05
9.206137424949967e-08, 1.3215983602282454e-05
9.21280853902602e-08, 1.317483375798842e-05
9.219479653102069e-08, 1.3133812039586185e-05
9.226150767178119e-08, 1.3092918048137549e-05
9.23282188125417e-08, 1.3052151385946496e-05
9.239492995330221e-08, 1.3011511656555257e-05
9.246164109406272e-08, 1.2970998464740516e-05
9.252835223482322e-08, 1.2930611416509557e-05
9.259506337558372e-08, 1.2890350119096366e-05
9.266177451634424e-08, 1.2850214180957902e-05
9.272848565710474e-08, 1.281020321177025e-05
9.279519679786525e-08, 1.277031682242479e-05
9.286190793862575e-08, 1.273055462502449e-05
9.292861907938628e-08, 1.2690916232880043e-05
9.299533022014677e-08, 1.2651401260506198e-05
9.306204136090727e-08, 1.2612009323617957e-05
9.312875250166778e-08, 1.2572740039126819e-05
9.31954636424283e-08, 1.2533593025137113e-05
9.32621747831888e-08, 1.2494567900942256e-05
9.33288859239493e-08, 1.2455664287021027e-05
9.339559706470982e-08, 1.2416881805033926e-05
9.346230820547033e-08, 1.2378220077819428e-05
9.352901934623082e-08, 1.2339678729390392e-05
9.359573048699134e-08, 1.230125738493036e-05
9.366244162775183e-08, 1.226295567078989e-05
9.372915276851236e-08, 1.222477321448298e-05
9.379586390927286e-08, 1.2186709644683423e-05
9.386257505003337e-08, 1.2148764591221141e-05
9.392928619079387e-08, 1.2110937685078698e-05
9.399599733155439e-08, 1.2073228558387588e-05
9.406270847231489e-08, 1.203563684442475e-05
9.412941961307539e-08, 1.1998162177608971e-05
9.41961307538359e-08, 1.1960804193497301e-05
9.426284189459641e-08, 1.1923562528781529e-05
9.432955303535692e-08, 1.1886436821284722e-05
9.439626417611742e-08, 1.1849426709957553e-05
9.446297531687792e-08, 1.1812531834874928e-05
9.452968645763844e-08, 1.1775751837232408e-05
9.459639759839894e-08, 1.1739086359342738e-05
9.466310873915945e-08, 1.1702535044632406e-05
9.472981987991995e-08, 1.1666097537638105e-05
9.479653102068047e-08, 1.162977348400331e-05
9.486324216144097e-08, 1.159356253047489e-05
9.492995330220147e-08, 1.1557464324899562e-05
9.499666444296198e-08, 1.1521478516220531e-05
9.506337558372249e-08, 1.1485604754474093e-05
9.5130086724483e-08, 1.1449842690786182e-05
9.51967978652435e-08, 1.1414191977369024e-05
9.526350900600401e-08, 1.1378652267517705e-05
9.533022014676452e-08, 1.1343223215606822e-05
9.539693128752502e-08, 1.1307904477087179e-05
9.546364242828553e-08, 1.1272695708482326e-05
9.553035356904603e-08, 1.1237596567385287e-05
9.559706470980656e-08, 1.1202606712455233e-05
9.566377585056705e-08, 1.116772580341416e-05
9.573048699132756e-08, 1.113295350104352e-05
9.579719813208806e-08, 1.1098289467181032e-05
9.586390927284857e-08, 1.1063733364717275e-05
9.593062041360909e-08, 1.1029284857592498e-05
9.599733155436958e-08, 1.099494361079333e-05
9.60640426951301e-08, 1.0960709290349468e-05
9.61307538358906e-08, 1.0926581563330516e-05
9.619746497665112e-08, 1.0892560097842695e-05
9.626417611741162e-08, 1.0858644563025595e-05
9.633088725817211e-08, 1.0824834629049033e-05
9.639759839893264e-08, 1.0791129967109756e-05
9.646430953969314e-08, 1.075753024942831e-05
9.653102068045365e-08, 1.0724035149245843e-05
9.659773182121414e-08, 1.069064434082087e-05
9.666444296197467e-08, 1.0657357499426185e-05
9.673115410273517e-08, 1.0624174301345667e-05
9.679786524349567e-08, 1.0591094423871095e-05
9.686457638425618e-08, 1.0558117545299093e-05
9.693128752501669e-08, 1.0525243344927915e-05
9.69979986657772e-08, 1.0492471503054384e-05
9.70647098065377e-08, 1.0459801700970776e-05
9.71314209472982e-08, 1.0427233620961676e-05
9.719813208805872e-08, 1.039476694630095e-05
9.726484322881922e-08, 1.0362401361248634e-05
9.733155436957973e-08, 1.0330136551047836e-05
9.739826551034023e-08, 1.0297972201921749e-05
9.746497665110075e-08, 1.026590800107051e-05
9.753168779186125e-08, 1.0233943636668233e-05
9.759839893262175e-08, 1.0202078797859949e-05
9.766511007338226e-08, 1.017031317475855e-05
9.773182121414277e-08, 1.013864645844183e-05
9.779853235490328e-08, 1.010707834094946e-05
9.786524349566378e-08, 1.0075608515279958e-05
9.793195463642429e-08, 1.0044236675387783e-05
9.79986657771848e-08, 1.0012962516180262e-05
9.80653769179453e-08, 9.981785733514702e-06
9.813208805870581e-08, 9.950706024195397e-06
9.819879919946631e-08, 9.919723085970668e-06
9.826551034022683e-08, 9.888836617529957e-06
9.833222148098733e-08, 9.85804631850088e-06
9.839893262174784e-08, 9.827351889446285e-06
9.846564376250834e-08, 9.796753031861392e-06
9.853235490326885e-08, 9.766249448170816e-06
9.859906604402936e-08, 9.73584084172575e-06
9.866577718478986e-08, 9.705526916801049e-06
9.873248832555037e-08, 9.675307378592307e-06
9.879919946631089e-08, 9.645181933213083e-06
9.88659106070714e-08, 9.615150287691971e-06
9.89326217478319e-08, 9.58521214996976e-06
9.899933288859239e-08, 9.555367228896644e-06
9.906604402935292e-08, 9.525615234229303e-06
9.913275517011341e-08, 9.495955876628177e-06
9.919946631087393e-08, 9.466388867654586e-06
9.926617745163442e-08, 9.436913919767944e-06
9.933288859239495e-08, 9.407530746322947e-06
9.939959973315545e-08, 9.378239061566855e-06
9.946631087391594e-08, 9.349038580636596e-06
9.953302201467646e-08, 9.319929019556113e-06
9.959973315543697e-08, 9.290910095233503e-06
9.966644429619748e-08, 9.261981525458342e-06
9.973315543695798e-08, 9.233143028898905e-06
9.979986657771849e-08, 9.204394325099415e-06
9.9866577718479e-08, 9.175735134477336e-06
9.99332888592395e-08, 9.147165178320687e-06
1.0000000000000001e-07, 9.118684178785258e-06
