0.0, 0.0
6.6711140760507e-11, 0.0003716019273463268
1.33422281521014e-10, 0.0006928157374622463
2.0013342228152106e-10, 0.0009700536206863215
2.66844563042028e-10, 0.001208693161054333
3.33555703802535e-10, 0.0014133042731996454
4.002668445630421e-10, 0.001587817232556289
4.669779853235491e-10, 0.0017356478541638665
5.33689126084056e-10, 0.0018597914864930689
6.004002668445631e-10, 0.0019628942870297227
6.6711140760507e-10, 0.002047307916952264
7.338225483655771e-10, 0.002115132098929628
8.005336891260842e-10, 0.002168248253072531
8.672448298865912e-10, 0.0022083465355211365
9.339559706470982e-10, 0.0022369479599262648
1.0006671114076052e-09, 0.0022554228168443187
1.067378252168112e-09, 0.0022650062706657125
1.1340893929286192e-09, 0.0022668117723052016
1.2008005336891262e-09, 0.002261842752425655
1.2675116744496331e-09, 0.00225100293549993
1.33422281521014e-09, 0.0022351055257990825
1.4009339559706472e-09, 0.0022148814524840803
1.4676450967311542e-09, 0.002190986815189216
1.534356237491661e-09, 0.0021640096386416475
1.6010673782521684e-09, 0.002134476021241707
1.6677785190126754e-09, 0.002102855745464539
1.7344896597731823e-09, 0.0020695674055282902
1.8012008005336893e-09, 0.0020349830986479485
1.8679119412941964e-09, 0.001999432719392186
1.934623082054703e-09, 0.001963207891499835
2.0013342228152103e-09, 0.0019265655675118197
2.0680453635757174e-09, 0.0018897313233954035
2.134756504336224e-09, 0.0018529023727444991
2.2014676450967313e-09, 0.0018162503229681186
2.2681787858572385e-09, 0.001779923694015046
2.3348899266177452e-09, 0.001744050218547926
2.4016010673782524e-09, 0.0017087389410200698
2.4683122081387595e-09, 0.0016740821317862461
2.5350233488992662e-09, 0.0016401570311689313
2.6017344896597734e-09, 0.0016070274372861704
2.66844563042028e-09, 0.001574745150413922
2.7351567711807873e-09, 0.0015433512856954962
2.8018679119412944e-09, 0.001512877465116823
2.868579052701801e-09, 0.0014833468988336741
2.9352901934623083e-09, 0.0014547753651613618
3.0020013342228155e-09, 0.001427172097815315
3.068712474983322e-09, 0.0014005405883190903
3.1354236157438293e-09, 0.001374879310871865
3.202134756504337e-09, 0.001350182376387572
3.2688458972648436e-09, 0.0013264401218798616
3.3355570380253508e-09, 0.001303639640868575
3.402268178785858e-09, 0.0012817652600218873
3.4689793195463647e-09, 0.001260798966821382
3.535690460306872e-09, 0.0012407207926428668
3.6024016010673785e-09, 0.0012215091552814697
3.6691127418278857e-09, 0.0012031411646135093
3.735823882588393e-09, 0.0011855928947777862
3.8025350233489e-09, 0.0011688396259734468
3.869246164109406e-09, 0.0011528560587087309
3.9359573048699135e-09, 0.0011376165030929763
4.002668445630421e-09, 0.0011230950455417823
4.069379586390928e-09, 0.001109265695060671
4.136090727151435e-09, 0.0010961025110846564
4.202801867911942e-09, 0.0010835797146785116
4.269513008672448e-09, 0.0010716717847440653
4.3362241494329555e-09, 0.001060353540735455
4.402935290193463e-09, 0.0010496002132498814
4.46964643095397e-09, 0.0010393875037391332
4.536357571714477e-09, 0.0010296916344750713
4.603068712474983e-09, 0.0010204893897995868
4.6697798532354904e-09, 0.0010117581495955295
4.7364909939959976e-09, 0.0010034759158290302
4.803202134756505e-09, 0.0009956213329348996
4.869913275517012e-09, 0.0009881737027447428
4.936624416277519e-09, 0.0009811129945916032
5.003335557038025e-09, 0.0009744198511647508
5.0700466977985325e-09, 0.0009680755906332937
5.13675783855904e-09, 0.0009620622055070931
5.203468979319547e-09, 0.0009563623586576808
5.270180120080054e-09, 0.0009509593768801163
5.33689126084056e-09, 0.0009458372423386528
5.403602401601067e-09, 0.0009409805822043853
5.4703135423615745e-09, 0.0009363746567614912
5.537024683122082e-09, 0.0009320053462299145
5.603735823882589e-09, 0.0009278591365262228
5.670446964643096e-09, 0.0009239231041606062
5.737158105403602e-09, 0.0009201849004464209
5.8038692461641095e-09, 0.0009166327351790968
5.870580386924617e-09, 0.000913255359923485
5.937291527685124e-09, 0.0009100420510326381
6.004002668445631e-09, 0.0009069825925064494
6.070713809206137e-09, 0.0009040672587854233
6.137424949966644e-09, 0.0009012867975629477
6.2041360907271515e-09, 0.000898632412688707
6.270847231487659e-09, 0.0008960957472261939
6.337558372248166e-09, 0.0008936688667185785
6.404269513008674e-09, 0.0008913442427093441
6.47098065376918e-09, 0.00088911473655708
6.537691794529687e-09, 0.0008869735835775138
6.604402935290194e-09, 0.0008849143775402177
6.6711140760507016e-09, 0.0008829310555424006
6.737825216811209e-09, 0.0008810178832776816
6.804536357571716e-09, 0.0008791694407137702
6.871247498332222e-09, 0.0008773806081894151
6.937958639092729e-09, 0.0008756465529378512
7.0046697798532365e-09, 0.0008739627160412111
7.071380920613744e-09, 0.0008723247998179254
7.138092061374251e-09, 0.0008707287556430105
7.204803202134757e-09, 0.0008691707721992796
7.271514342895264e-09, 0.0008676472641559014
7.338225483655771e-09, 0.0008661548612693349
7.4049366244162785e-09, 0.0008646903979004809
7.471647765176786e-09, 0.0008632509029408736
7.538358905937292e-09, 0.0008618335901398776
7.6050700466978e-09, 0.0008604358488241526
7.671781187458306e-09, 0.0008590552350000631
7.738492328218813e-09, 0.000857689462829238
7.80520346897932e-09, 0.0008563363964671247
7.871914609739827e-09, 0.0008549940422541073
7.938625750500335e-09, 0.0008536605412485538
8.005336891260841e-09, 0.0008523341620910464
8.07204803202135e-09, 0.0008510132941889746
8.138759172781855e-09, 0.0008496964412106652
8.205470313542362e-09, 0.0008483822148782714
8.27218145430287e-09, 0.0008470693290487093
8.338892595063376e-09, 0.0008457565940720615
8.405603735823884e-09, 0.0008444429114170009
8.47231487658439e-09, 0.0008431272685529757
8.539026017344897e-09, 0.0008418087340790794
8.605737158105405e-09, 0.0008404864530897516
8.672448298865911e-09, 0.0008391596427676799
8.739159439626419e-09, 0.0008378275881945168
8.805870580386925e-09, 0.0008364896383702802
8.872581721147432e-09, 0.0008351452024325517
8.93929286190794e-09, 0.000833793746066866
9.006004002668446e-09, 0.0008324347880999445
9.072715143428954e-09, 0.000831067897267689
9.13942628418946e-09, 0.0008296926891501351
9.206137424949967e-09, 0.0008283088232658223
9.272848565710475e-09, 0.0008269160003183071
9.339559706470981e-09, 0.0008255139595878107
9.406270847231489e-09, 0.0008241024764612574
9.472981987991995e-09, 0.0008226813600942091
9.539693128752503e-09, 0.000821250451198458
9.60640426951301e-09, 0.0008198096199492842
9.673115410273516e-09, 0.0008183587640066285
9.739826551034024e-09, 0.0008168978066446636
9.80653769179453e-09, 0.000815426694984473
9.873248832555038e-09, 0.0008139453983247788
9.939959973315544e-09, 0.0008124539065658649
1.000667111407605e-08, 0.0008109522287220587
1.0073382254836559e-08, 0.0008094403915183319
1.0140093395597065e-08, 0.000807918438066786
1.0206804536357573e-08, 0.0008063864266189633
1.027351567711808e-08, 0.0008048444293901219
1.0340226817878586e-08, 0.0008032925314517806
1.0406937958639094e-08, 0.0008017308296890078
1.04736490993996e-08, 0.0008001594318191036
1.0540360240160108e-08, 0.0007985784554684623
1.0607071380920614e-08, 0.0007969880273045733
1.067378252168112e-08, 0.0007953882822202502
1.0740493662441628e-08, 0.0007937793625673199
1.0807204803202135e-08, 0.0007921614174371396
1.0873915943962643e-08, 0.0007905346019854342
1.0940627084723149e-08, 0.0007888990767990709
1.1007338225483657e-08, 0.0007872550073025
1.1074049366244163e-08, 0.0007856025632017159
1.114076050700467e-08, 0.0007839419179636767
1.1207471647765178e-08, 0.0007822732483292507
1.1274182788525684e-08, 0.0007805967338578301
1.1340893929286192e-08, 0.0007789125565018654
1.1407605070046698e-08, 0.0007772209002096484
1.1474316210807205e-08, 0.0007755219505547682
1.1541027351567713e-08, 0.0007738158943907367
1.1607738492328219e-08, 0.0007721029195293628
1.1674449633088727e-08, 0.0007703832144415268
1.1741160773849233e-08, 0.0007686569679790727
1.180787191460974e-08, 0.000766924369116612
1.1874583055370248e-08, 0.0007651856067120857
1.1941294196130754e-08, 0.0007634408692849951
1.2008005336891262e-08, 0.0007616903448112802
1.2074716477651768e-08, 0.0007599342205338553
1.2141427618412274e-08, 0.0007581726827878919
1.2208138759172782e-08, 0.000756405916839965
1.2274849899933289e-08, 0.0007546341067402396
1.2341561040693797e-08, 0.0007528574351869144
1.2408272181454303e-08, 0.0007510760834021797
1.2474983322214811e-08, 0.0007492902310189934
1.2541694462975317e-08, 0.0007475000559780106
1.2608405603735824e-08, 0.000745705734434039
1.2675116744496332e-08, 0.0007439074406714356
1.2741827885256838e-08, 0.0007421053470278777
1.2808539026017348e-08, 0.0007402996238259893
1.2875250166777854e-08, 0.0007384904393123135
1.294196130753836e-08, 0.0007366779596031761
1.3008672448298868e-08, 0.0007348623486369792
1.3075383589059375e-08, 0.0007330437681325172
1.3142094729819882e-08, 0.0007312223775529168
1.3208805870580389e-08, 0.0007293983340748284
1.3275517011340895e-08, 0.0007275717925625131
1.3342228152101403e-08, 0.0007257429055465027
1.340893929286191e-08, 0.000723911823206509
1.3475650433622417e-08, 0.0007220786933582978
1.3542361574382924e-08, 0.0007202436614442458
1.3609072715143432e-08, 0.0007184068705273161
1.3675783855903938e-08, 0.0007165684612882143
1.3742494996664444e-08, 0.0007147285720254862
1.3809206137424952e-08, 0.0007128873386583415
1.3875917278185459e-08, 0.0007110448947320028
1.3942628418945967e-08, 0.000709201371425378
1.4009339559706473e-08, 0.0007073568975608873
1.407605070046698e-08, 0.0007055115996162602
1.4142761841227487e-08, 0.0007036656017381562
1.4209472981987994e-08, 0.0007018190257574486
1.4276184122748502e-08, 0.0006999719912060369
1.4342895263509008e-08, 0.0006981246153350515
1.4409606404269514e-08, 0.0006962770131343286
1.4476317545030022e-08, 0.0006944292973530386
1.4543028685790528e-08, 0.0006925815785213577
1.4609739826551036e-08, 0.0006907339649730821
1.4676450967311543e-08, 0.0006888865628690881
1.4743162108072049e-08, 0.0006870394762215477
1.4809873248832557e-08, 0.0006851928069188187
1.4876584389593063e-08, 0.0006833466547509277
1.494329553035357e-08, 0.0006815011174355737
1.501000667111408e-08, 0.0006796562906445858
1.5076717811874584e-08, 0.0006778122680307696
1.5143428952635092e-08, 0.000675969141255081
1.52101400933956e-08, 0.0006741270000140758
1.5276851234156105e-08, 0.0006722859320675812
1.5343562374916613e-08, 0.0006704460232665414
1.541027351567712e-08, 0.0006686073575809905
1.5476984656437625e-08, 0.0006667700171281183
1.5543695797198133e-08, 0.0006649340822003787
1.561040693795864e-08, 0.0006630996312936187
1.567711807871915e-08, 0.0006612667411351841
1.5743829219479654e-08, 0.0006594354867119746
1.5810540360240162e-08, 0.0006576059412984247
1.587725150100067e-08, 0.0006557781764843769
1.5943962641761174e-08, 0.0006539522622028273
1.6010673782521682e-08, 0.0006521282667575241
1.607738492328219e-08, 0.0006503062568503915
1.61440960640427e-08, 0.000648486297608767
1.6210807204803203e-08, 0.0006466684526124335
1.627751834556371e-08, 0.0006448527839204289
1.634422948632422e-08, 0.0006430393520976207
1.6410940627084724e-08, 0.000641228216241034
1.647765176784523e-08, 0.0006394194340059181
1.654436290860574e-08, 0.0006376130616315458
1.6611074049366244e-08, 0.0006358091539667314
1.6677785190126752e-08, 0.000634007764495064
1.674449633088726e-08, 0.0006322089453598448
1.6811207471647768e-08, 0.0006304127473887246
1.6877918612408273e-08, 0.0006286192201180343
1.694462975316878e-08, 0.000626828411816805
1.701134089392929e-08, 0.0006250403695104726
1.7078052034689793e-08, 0.0006232551390042631
1.71447631754503e-08, 0.0006214727649062582
1.721147431621081e-08, 0.0006196932906501356
1.7278185456971317e-08, 0.0006179167585175847
1.7344896597731822e-08, 0.0006161432096603962
1.741160773849233e-08, 0.0006143726841222229
1.7478318879252838e-08, 0.0006126052208600159
1.7545030020013343e-08, 0.0006108408577651295
1.761174116077385e-08, 0.0006090796316841025
1.767845230153436e-08, 0.0006073215784391119
1.7745163442294863e-08, 0.0006055667328481013
1.781187458305537e-08, 0.0006038151287445855
1.787858572381588e-08, 0.0006020667989971349
1.7945296864576387e-08, 0.0006003217755285378
1.8012008005336892e-08, 0.0005985800893346457
1.80787191460974e-08, 0.0005968417705029018
1.8145430286857908e-08, 0.0005951068482305593
1.8212141427618412e-08, 0.0005933753508425858
1.827885256837892e-08, 0.0005916473058092621
1.834556370913943e-08, 0.0005899227397634763
1.8412274849899933e-08, 0.0005882016785177159
1.847898599066044e-08, 0.0005864841470807616
1.854569713142095e-08, 0.0005847701696740873
1.8612408272181457e-08, 0.000583059769747966
1.8679119412941962e-08, 0.0005813529699972908
1.874583055370247e-08, 0.0005796497923771086
1.8812541694462978e-08, 0.0005779502581178745
1.8879252835223482e-08, 0.0005762543877404284
1.894596397598399e-08, 0.0005745622010706969
1.9012675116744498e-08, 0.0005728737172541282
1.9079386257505006e-08, 0.0005711889547698578
1.914609739826551e-08, 0.0005695079314446128
1.921280853902602e-08, 0.0005678306644663586
1.9279519679786527e-08, 0.0005661571703976905
1.934623082054703e-08, 0.0005644874651889725
1.941294196130754e-08, 0.0005628215641912317
1.9479653102068047e-08, 0.0005611594821688082
1.9546364242828552e-08, 0.0005595012333117639
1.961307538358906e-08, 0.0005578468312480584
1.9679786524349568e-08, 0.0005561962890554905
1.9746497665110076e-08, 0.0005545496192734125
1.981320880587058e-08, 0.0005529068339142208
1.987991994663109e-08, 0.0005512679444746233
1.9946631087391597e-08, 0.0005496329619466911
2.00133422281521e-08, 0.0005480018968286975
2.008005336891261e-08, 0.0005463747591357456
2.0146764509673117e-08, 0.0005447515584101896
2.0213475650433625e-08, 0.0005431323037318555
2.028018679119413e-08, 0.0005415170037280587
2.0346897931954638e-08, 0.0005399056665834292
2.0413609072715146e-08, 0.0005382983000495437
2.048032021347565e-08, 0.0005366949114543668
2.054703135423616e-08, 0.0005350955077115096
2.0613742494996667e-08, 0.0005335000953293032
2.068045363575717e-08, 0.0005319086804196951
2.074716477651768e-08, 0.0005303212687069695
2.0813875917278187e-08, 0.0005287378655362935
2.0880587058038695e-08, 0.0005271584758820962
2.09472981987992e-08, 0.0005255831043562797
2.1014009339559708e-08, 0.0005240117552162677
2.1080720480320216e-08, 0.0005224444323728928
2.114743162108072e-08, 0.0005208811393981282
2.121414276184123e-08, 0.0005193218795326634
2.1280853902601736e-08, 0.0005177666556933291
2.134756504336224e-08, 0.0005162154704803735
2.141427618412275e-08, 0.0005146683261845926
2.1480987324883257e-08, 0.000513125224794317
2.1547698465643765e-08, 0.0005115861680022593
2.161440960640427e-08, 0.0005100511572122226
2.1681120747164778e-08, 0.0005085201935456746
2.1747831887925286e-08, 0.0005069932778481893
2.181454302868579e-08, 0.0005054704106957572
2.1881254169446298e-08, 0.0005039515924009697
2.1947965310206806e-08, 0.0005024368230190791
2.2014676450967314e-08, 0.0005009261023539318
2.208138759172782e-08, 0.0004994194299637863
2.2148098732488327e-08, 0.0004979168051670098
2.2214809873248835e-08, 0.0004964182270476609
2.228152101400934e-08, 0.0004949236944609574
2.2348232154769847e-08, 0.0004934332060386336
2.2414943295530355e-08, 0.0004919467601941892
2.248165443629086e-08, 0.00049046435512803
2.2548365577051368e-08, 0.0004889859888325037
2.2615076717811876e-08, 0.00048751165909683504
2.2681787858572384e-08, 0.00048604136351195604
2.274849899933289e-08, 0.0004845750994752422
2.2815210140093397e-08, 0.00048311286419514823
2.2881921280853905e-08, 0.0004816546546957499
2.294863242161441e-08, 0.00048020046782119353
2.3015343562374917e-08, 0.0004787503002400532
2.3082054703135425e-08, 0.0004773041484495983
2.314876584389593e-08, 0.0004758620087799754
2.3215476984656438e-08, 0.0004744238773983008
2.3282188125416946e-08, 0.0004729897503126714
2.3348899266177454e-08, 0.0004715596233760931
2.341561040693796e-08, 0.00047013349229032566
2.3482321547698466e-08, 0.0004687113526096508
2.3549032688458974e-08, 0.00046729319974456163
2.361574382921948e-08, 0.0004658790289653755
2.3682454969979987e-08, 0.00046446883540577244
2.3749166110740495e-08, 0.0004630626140662606
2.3815877251501003e-08, 0.00046166035981756915
2.3882588392261508e-08, 0.000460262067403972
2.3949299533022016e-08, 0.0004588677314465416
2.4016010673782524e-08, 0.00045747734644633497
2.4082721814543028e-08, 0.0004560909067875161
2.4149432955303536e-08, 0.00045470840674040835
2.4216144096064044e-08, 0.00045332984046448933
2.428285523682455e-08, 0.0004519552020113188
2.4349566377585057e-08, 0.00045058448532740784
2.4416277518345565e-08, 0.00044921768425702747
2.4482988659106073e-08, 0.00044785479254495867
2.4549699799866577e-08, 0.00044649580383918574
2.4616410940627085e-08, 0.0004451407116935309
2.4683122081387593e-08, 0.0004437895095702378
2.4749833222148098e-08, 0.0004424421908424969
2.4816544362908606e-08, 0.0004410987487969204
2.4883255503669114e-08, 0.00043975917663596466
2.4949966644429622e-08, 0.0004384234674803006
2.5016677785190127e-08, 0.0004370916143711365
2.5083388925950635e-08, 0.00043576361027249046
2.5150100066711143e-08, 0.0004344394480734145
2.5216811207471647e-08, 0.0004331191205901737
2.5283522348232155e-08, 0.00043180262056837773
2.5350233488992663e-08, 0.0004304899406850673
2.5416944629753168e-08, 0.00042918107355075896
2.5483655770513676e-08, 0.0004278760117114431
2.5550366911274184e-08, 0.00042657474765054264
2.5617078052034695e-08, 0.00042527727379082806
2.56837891927952e-08, 0.0004239835824962939
2.5750500333555708e-08, 0.0004226936660739931
2.5817211474316216e-08, 0.0004214075167758342
2.588392261507672e-08, 0.00042012512680034044
2.595063375583723e-08, 0.0004188464882943687
2.6017344896597736e-08, 0.0004175715933547957
2.6084056037358244e-08, 0.00041630043403016514
2.615076717811875e-08, 0.00041503300232230135
2.6217478318879257e-08, 0.0004137692901878872
2.6284189459639765e-08, 0.0004125092895400096
2.635090060040027e-08, 0.0004112529922496712
2.6417611741160778e-08, 0.00041000039014726854
2.6484322881921286e-08, 0.00040875147502404083
2.655103402268179e-08, 0.00040750623863348577
2.6617745163442298e-08, 0.00040626467269274524
2.6684456304202806e-08, 0.0004050267688839614
2.6751167444963314e-08, 0.000403792518855603
2.681787858572382e-08, 0.0004025619142237645
2.6884589726484327e-08, 0.0004013349465734346
2.6951300867244835e-08, 0.0004001116074597394
2.701801200800534e-08, 0.00039889188840915767
2.7084723148765847e-08, 0.0003976757809207103
2.7151434289526355e-08, 0.0003964632764671225
2.7218145430286863e-08, 0.0003952543664959626
2.7284856571047368e-08, 0.0003940490424307541
2.7351567711807876e-08, 0.0003928472956720652
2.7418278852568384e-08, 0.00039164911759857323
2.748498999332889e-08, 0.00039045449956810616
2.7551701134089397e-08, 0.0003892634329186609
2.7618412274849905e-08, 0.0003880759089694001
2.768512341561041e-08, 0.0003868919190216263
2.7751834556370917e-08, 0.0003857114543597341
2.7818545697131425e-08, 0.0003845345062521431
2.7885256837891933e-08, 0.00038336106595220765
2.7951967978652438e-08, 0.0003821911246991088
2.8018679119412946e-08, 0.00038102467371872484
2.8085390260173454e-08, 0.0003798617042244836
2.815210140093396e-08, 0.00037870220741819435
2.8218812541694466e-08, 0.00037754617449086293
2.8285523682454974e-08, 0.00037639359662348693
2.8352234823215482e-08, 0.00037524446498783415
2.8418945963975987e-08, 0.0003740987707472034
2.8485657104736495e-08, 0.00037295650505716734
2.8552368245497003e-08, 0.00037181765906629994
2.8619079386257508e-08, 0.0003706822239168863
2.8685790527018016e-08, 0.00036955019074561707
2.8752501667778524e-08, 0.0003684215506842667
2.8819212808539028e-08, 0.00036729629486035686
2.8885923949299536e-08, 0.000366174414397804
2.8952635090060044e-08, 0.000365055900417552
2.9019346230820552e-08, 0.0003639407440381924
2.9086057371581057e-08, 0.00036282893637656634
2.9152768512341565e-08, 0.0003617204685483573
2.9219479653102073e-08, 0.00036061533166866655
2.9286190793862578e-08, 0.0003595135168525771
2.9352901934623086e-08, 0.00035841501521570424
2.9419613075383593e-08, 0.0003573198178747328
2.9486324216144098e-08, 0.00035622791594794247
2.9553035356904606e-08, 0.0003551393005557204
2.9619746497665114e-08, 0.0003540539628210625
2.9686457638425622e-08, 0.0003529718938700616
2.9753168779186127e-08, 0.0003518930848323857
2.981987991994664e-08, 0.00035081752684174315
2.988659106070714e-08, 0.00034974521103633873
2.995330220146765e-08, 0.0003486761285593176
3.002001334222816e-08, 0.0003476102705591986
3.0086724482988663e-08, 0.00034654762819029763
3.015343562374917e-08, 0.0003454881926131408
3.022014676450968e-08, 0.00034443195499486744
3.0286857905270184e-08, 0.00034337890650962364
3.035356904603069e-08, 0.00034232903833894573
3.04202801867912e-08, 0.0003412823416721347
3.0486991327551705e-08, 0.0003402388077066216
3.055370246831221e-08, 0.0003391984276483237
3.062041360907272e-08, 0.0003381611927119919
3.0687124749833225e-08, 0.00033712709412154996
3.075383589059373e-08, 0.00033609612311042396
3.082054703135424e-08, 0.0003350682709218657
3.0887258172114746e-08, 0.00033404352880926614
3.095396931287525e-08, 0.00033302188803646134
3.102068045363576e-08, 0.00033200333987803136
3.1087391594396266e-08, 0.00033098787561959076
3.115410273515678e-08, 0.0003299754865580723
3.122081387591728e-08, 0.0003289661640020027
3.128752501667779e-08, 0.0003279598992717721
3.13542361574383e-08, 0.0003269566836998953
3.14209472981988e-08, 0.00032595650863126777
3.148765843895931e-08, 0.0003249593654234138
3.155436957971982e-08, 0.00032396524544672843
3.1621080720480324e-08, 0.00032297414008471283
3.168779186124083e-08, 0.00032198604073420433
3.175450300200134e-08, 0.000321000938805598
3.1821214142761844e-08, 0.00032001882572306543
3.188792528352235e-08, 0.0003190396929247652
3.195463642428286e-08, 0.0003180635318630479
3.2021347565043365e-08, 0.0003170903340046567
3.208805870580387e-08, 0.000316120090830921
3.215476984656438e-08, 0.00031515279383794587
3.2221480987324885e-08, 0.0003141884345367951
3.22881921280854e-08, 0.0003132270044536696
3.2354903268845895e-08, 0.0003122684951300816
3.2421614409606406e-08, 0.0003113128981230211
3.248832555036691e-08, 0.00031036020500512147
3.255503669112742e-08, 0.0003094104073648164
3.2621747831887927e-08, 0.00030846349680649555
3.268845897264844e-08, 0.0003075194649506523
3.2755170113408936e-08, 0.00030657830343403024
3.282188125416945e-08, 0.00030564000390976285
3.288859239492995e-08, 0.0003047045580475106
3.295530353569046e-08, 0.0003037719575335921
3.302201467645097e-08, 0.0003028421940711136
3.308872581721148e-08, 0.00030191525938009177
3.3155436957971984e-08, 0.0003009911451975746
3.322214809873249e-08, 0.00030006984327775706
3.328885923949299e-08, 0.0002991513453920946
3.3355570380253504e-08, 0.0002982356433294109
3.342228152101401e-08, 0.000297322728896004
3.348899266177452e-08, 0.00029641259391574744
3.3555703802535025e-08, 0.000295505230230189
3.3622414943295536e-08, 0.0002946006296986454
3.3689126084056034e-08, 0.00029369878419829366
3.3755837224816546e-08, 0.0002927996856242596
3.382254836557705e-08, 0.00029190332588970394
3.388925950633756e-08, 0.0002910096969259026
3.3955970647098066e-08, 0.0002901187906823278
3.402268178785858e-08, 0.0002892305991267223
3.408939292861908e-08, 0.0002883451142451743
3.415610406937959e-08, 0.0002874623280421866
3.42228152101401e-08, 0.0002865822325407451
3.42895263509006e-08, 0.000285704819782383
3.4356237491661114e-08, 0.00028483008182724346
3.442294863242162e-08, 0.0002839580107541391
3.448965977318213e-08, 0.00028308859866060945
3.4556370913942635e-08, 0.000282221837662975
3.462308205470314e-08, 0.00028135771989638993
3.4689793195463644e-08, 0.0002804962375148915
3.4756504336224155e-08, 0.0002796373826914479
3.482321547698466e-08, 0.00027878114761800357
3.488992661774517e-08, 0.0002779275245055216
3.4956637758505676e-08, 0.0002770765055840251
3.502334889926619e-08, 0.00027622808310263583
3.5090060040026685e-08, 0.0002753822493296103
3.5156771180787197e-08, 0.00027453899655237524
3.52234823215477e-08, 0.00027369831707755975
3.529019346230821e-08, 0.00027286020323102537
3.535690460306872e-08, 0.0002720246473578961
3.542361574382923e-08, 0.00027119164182258385
3.5490326884589727e-08, 0.0002703611790088149
3.555703802535024e-08, 0.0002695332513196518
3.562374916611074e-08, 0.0002687078511775164
3.5690460306871254e-08, 0.0002678849710242082
3.575717144763176e-08, 0.00026706460332092427
3.582388258839227e-08, 0.0002662467405482736
3.5890593729152774e-08, 0.0002654313752062944
3.595730486991328e-08, 0.00026461849981446574
3.6024016010673784e-08, 0.00026380810691172083
3.6090727151434295e-08, 0.00026300018905645625
3.61574382921948e-08, 0.00026219473882654177
3.622414943295531e-08, 0.0002613917488193277
3.6290860573715816e-08, 0.00026059121165165113
3.635757171447633e-08, 0.0002597931199598403
3.6424282855236825e-08, 0.00025899746639971915
3.6490993995997336e-08, 0.0002582042436466084
3.655770513675784e-08, 0.0002574134443953273
3.662441627751835e-08, 0.00025662506136019326
3.669112741827886e-08, 0.00025583908727502
3.675783855903937e-08, 0.00025505551489311536
3.6824549699799866e-08, 0.0002542743369872775
3.689126084056038e-08, 0.0002534955463497897
3.695797198132088e-08, 0.0002527191357924146
3.7024683122081393e-08, 0.0002519450981463871
3.70913942628419e-08, 0.00025117342626240644
3.715810540360241e-08, 0.0002504041130106267
3.7224816544362914e-08, 0.00024963715128064717
3.729152768512342e-08, 0.00024887253398150075
3.7358238825883923e-08, 0.00024811025404164266
3.7424949966644435e-08, 0.00024735030440893634
3.749166110740494e-08, 0.00024659267805064115
3.755837224816545e-08, 0.00024583736795339616
3.7625083388925955e-08, 0.0002450843671232058
3.7691794529686467e-08, 0.00024433366858542244
3.7758505670446965e-08, 0.00024358526538472986
3.7825216811207476e-08, 0.00024283915058512457
3.789192795196798e-08, 0.00024209531726989797
3.795863909272849e-08, 0.00024135375854161557
3.8025350233488997e-08, 0.00024061446752209802
3.809206137424951e-08, 0.0002398774373523986
3.815877251501001e-08, 0.00023914266119278278
3.822548365577052e-08, 0.00023841013222270524
3.829219479653102e-08, 0.00023767984364078668
3.835890593729153e-08, 0.00023695178866479038
3.842561707805204e-08, 0.0002362259605315977
3.849232821881255e-08, 0.00023550235249718298
3.8559039359573054e-08, 0.00023478095783658825
3.8625750500333565e-08, 0.00023406176984389654
3.869246164109406e-08, 0.00023334478183220598
3.8759172781854574e-08, 0.00023262998713360143
3.882588392261508e-08, 0.0002319173790991279
3.889259506337559e-08, 0.00023120695109876078
3.8959306204136095e-08, 0.00023049869652137797
3.9026017344896606e-08, 0.00022979260877473013
3.9092728485657104e-08, 0.000229088681285411
3.9159439626417616e-08, 0.00022838690749882667
3.922615076717812e-08, 0.0002276872808791651
3.929286190793863e-08, 0.00022698979490936493
3.9359573048699136e-08, 0.00022629444309108348
3.942628418945965e-08, 0.0002256012189446649
3.949299533022015e-08, 0.00022491011600910755
3.955970647098066e-08, 0.00022422112784203091
3.962641761174116e-08, 0.0002235342480196427
3.969312875250167e-08, 0.00022284947013670477
3.975983989326218e-08, 0.0002221667878064992
3.982655103402269e-08, 0.00022148619466079404
3.9893262174783193e-08, 0.00022080768434980824
3.9959973315543705e-08, 0.00022013125054217675
4.00266844563042e-08, 0.0002194568869249151
4.0093395597064714e-08, 0.00021878458720338363
4.016010673782522e-08, 0.0002181143451012514
4.022681787858573e-08, 0.00021744615436045995
4.0293529019346235e-08, 0.00021678000874118667
4.0360240160106746e-08, 0.0002161159020218078
4.042695130086725e-08, 0.00021545382799886131
4.0493662441627755e-08, 0.00021479378048700932
4.056037358238826e-08, 0.00021413575331900088
4.062708472314877e-08, 0.00021347974034563338
4.0693795863909276e-08, 0.0002128257354357148
4.076050700466979e-08, 0.00021217373247602527
4.082721814543029e-08, 0.00021152372537127834
4.08939292861908e-08, 0.00021087570804408204
4.09606404269513e-08, 0.00021022967443490038
4.102735156771181e-08, 0.00020958561850201312
4.109406270847232e-08, 0.0002089435342214775
4.116077384923283e-08, 0.00020830341558708765
4.122748498999333e-08, 0.00020766525661033546
4.1294196130753844e-08, 0.00020702905132037003
4.136090727151434e-08, 0.00020639479376395814
4.1427618412274854e-08, 0.00020576247800544335
4.149432955303536e-08, 0.00020513209812670618
4.156104069379587e-08, 0.00020450364822712292
4.1627751834556374e-08, 0.00020387712242352535
4.1694462975316886e-08, 0.00020325251485015942
4.176117411607739e-08, 0.00020262981965864485
4.1827885256837895e-08, 0.00020200903101793338
4.18945963975984e-08, 0.00020139014311426788
4.196130753835891e-08, 0.00020077315015114093
4.2028018679119415e-08, 0.00020015804634925343
4.209472981987993e-08, 0.0001995448259464728
4.216144096064043e-08, 0.00019893348319779158
4.222815210140094e-08, 0.00019832401237528536
4.229486324216144e-08, 0.00019771640776807133
4.236157438292195e-08, 0.00019711066368226606
4.242828552368246e-08, 0.00019650677444094355
4.249499666444297e-08, 0.00019590473438409295
4.256170780520347e-08, 0.00019530453786857722
4.2628418945963984e-08, 0.00019470617926808952
4.269513008672448e-08, 0.00019410965297311236
4.276184122748499e-08, 0.0001935149533908741
4.28285523682455e-08, 0.00019292207494530736
4.289526350900601e-08, 0.0001923310120770062
4.2961974649766514e-08, 0.00019174175924318364
4.3028685790527025e-08, 0.0001911543109176292
4.309539693128753e-08, 0.00019056866159066632
4.3162108072048035e-08, 0.00018998480576910964
4.322881921280854e-08, 0.00018940273797622258
4.329553035356905e-08, 0.00018882245275167442
4.3362241494329555e-08, 0.00018824394465149786
4.3428952635090066e-08, 0.0001876672082480459
4.349566377585057e-08, 0.00018709223812994957
4.356237491661108e-08, 0.00018651902890207502
4.362908605737158e-08, 0.00018594757518548044
4.369579719813209e-08, 0.00018537787161737368
4.3762508338892596e-08, 0.00018480991285106955
4.382921947965311e-08, 0.00018424369355594619
4.389593062041361e-08, 0.0001836792084174037
4.3962641761174124e-08, 0.0001831164521368199
4.402935290193463e-08, 0.00018255541943150842
4.409606404269513e-08, 0.00018199610503467583
4.416277518345564e-08, 0.00018143850369537853
4.422948632421615e-08, 0.00018088261017848033
4.4296197464976654e-08, 0.00018032841926460955
4.4362908605737165e-08, 0.0001797759257501162
4.442961974649767e-08, 0.00017922512444702965
4.449633088725818e-08, 0.0001786760101830152
4.456304202801868e-08, 0.00017812857780133252
4.462975316877919e-08, 0.00017758282216079173
4.4696464309539695e-08, 0.00017703873813571197
4.4763175450300206e-08, 0.00017649632061587798
4.482988659106071e-08, 0.0001759555645064979
4.489659773182122e-08, 0.00017541646472816065
4.496330887258172e-08, 0.00017487901621679347
4.503002001334223e-08, 0.00017434321392361968
4.5096731154102736e-08, 0.0001738090528151158
4.516344229486325e-08, 0.0001732765278729696
4.523015343562375e-08, 0.00017274563409403753
4.529686457638426e-08, 0.00017221636649030232
4.536357571714477e-08, 0.00017168872008883153
4.543028685790527e-08, 0.00017116268993173388
4.549699799866578e-08, 0.0001706382710761189
4.556370913942629e-08, 0.00017011545859405315
4.563042028018679e-08, 0.0001695942475725192
4.5697131420947304e-08, 0.00016907463311337346
4.576384256170781e-08, 0.00016855661033330396
4.583055370246832e-08, 0.00016804017436378879
4.589726484322882e-08, 0.00016752532035105392
4.596397598398933e-08, 0.0001670120434560318
4.6030687124749834e-08, 0.00016650033885431948
4.6097398265510346e-08, 0.0001659902017361366
4.616410940627085e-08, 0.00016548162730628473
4.623082054703136e-08, 0.00016497461078410474
4.629753168779186e-08, 0.00016446914740343604
4.636424282855237e-08, 0.000163965232412575
4.6430953969312876e-08, 0.0001634628610742336
4.649766511007339e-08, 0.00016296202866549812
4.656437625083389e-08, 0.000162462730477788
4.66310873915944e-08, 0.00016196496181681468
4.669779853235491e-08, 0.00016146871800254062
4.676450967311541e-08, 0.00016097399436913802
4.683122081387592e-08, 0.00016048078626494848
4.689793195463643e-08, 0.00015998908905244118
4.696464309539693e-08, 0.00015949889810817357
4.7031354236157444e-08, 0.0001590102088227491
4.709806537691795e-08, 0.0001585230166007775
4.716477651767846e-08, 0.0001580373168608341
4.723148765843896e-08, 0.0001575531050354194
4.729819879919947e-08, 0.0001570703765709184
4.7364909939959974e-08, 0.00015658912692756045
4.7431621080720485e-08, 0.00015610935157937911
4.749833222148099e-08, 0.00015563104601417182
4.75650433622415e-08, 0.00015515420573345982
4.7631754503002006e-08, 0.00015467882625244857
4.769846564376251e-08, 0.00015420490309998687
4.7765176784523015e-08, 0.00015373243181852835
4.7831887925283527e-08, 0.00015326140796409037
4.789859906604403e-08, 0.0001527918271062154
4.796531020680454e-08, 0.00015232368482793085
4.803202134756505e-08, 0.0001518569767257097
4.809873248832556e-08, 0.00015139169840943121
4.8165443629086057e-08, 0.00015092784550234134
4.823215476984657e-08, 0.00015046541364101377
4.829886591060707e-08, 0.00015000439847531069
4.8365577051367584e-08, 0.00014954479566834324
4.843228819212809e-08, 0.00014908660089643346
4.84989993328886e-08, 0.00014862980984907444
4.85657104736491e-08, 0.0001481744182288921
4.863242161440961e-08, 0.00014772042175160624
4.8699132755170114e-08, 0.00014726781614599185
4.8765843895930625e-08, 0.00014681659715384072
4.883255503669113e-08, 0.0001463667605299229
4.889926617745164e-08, 0.0001459183020419483
4.8965977318212146e-08, 0.00014547121747052834
4.903268845897265e-08, 0.000145025502609138
4.9099399599733155e-08, 0.0001445811532640775
4.9166110740493666e-08, 0.00014413816525443411
4.923282188125417e-08, 0.00014369653441204499
4.929953302201468e-08, 0.0001432562565814583
4.936624416277519e-08, 0.00014281732761989616
4.94329553035357e-08, 0.00014237974339721685
4.9499666444296196e-08, 0.00014194349979587727
4.956637758505671e-08, 0.00014150859271089533
4.963308872581721e-08, 0.00014107501804981276
4.9699799866577723e-08, 0.00014064277173265758
4.976651100733823e-08, 0.0001402118496919073
4.983322214809874e-08, 0.0001397822478724512
4.9899933288859244e-08, 0.00013935396223155427
4.996664442961975e-08, 0.00013892698873881914
5.0033355570380253e-08, 0.00013850132337615034
5.0100066711140765e-08, 0.0001380769621377168
5.016677785190127e-08, 0.0001376539010299155
5.023348899266178e-08, 0.00013723213607133512
5.0300200133422285e-08, 0.0001368116632927192
5.0366911274182797e-08, 0.0001363924787369301
5.0433622414943295e-08, 0.00013597457845891258
5.0500333555703806e-08, 0.0001355579585256577
5.056704469646431e-08, 0.00013514261501616678
5.063375583722482e-08, 0.0001347285440214151
5.0700466977985327e-08, 0.00013431574164431668
5.076717811874584e-08, 0.00013390420399968757
5.0833889259506336e-08, 0.0001334939272142113
5.090060040026685e-08, 0.000133084907426402
5.096731154102735e-08, 0.0001326771407865699
5.103402268178786e-08, 0.00013227062345678542
5.110073382254837e-08, 0.00013186535161084393
5.116744496330888e-08, 0.00013146132143423067
5.123415610406939e-08, 0.00013105852912408543
5.130086724482989e-08, 0.00013065697088916742
5.13675783855904e-08, 0.00013025664294982075
5.1434289526350904e-08, 0.00012985754153793907
5.1501000667111416e-08, 0.00012945966289693118
5.156771180787192e-08, 0.0001290630032816861
5.163442294863243e-08, 0.0001286675589585386
5.1701134089392936e-08, 0.000128273326205235
5.176784523015344e-08, 0.0001278803013108981
5.1834556370913946e-08, 0.0001274884805759938
5.190126751167446e-08, 0.00012709786031229594
5.196797865243496e-08, 0.00012670843684285297
5.203468979319547e-08, 0.0001263202065019535
5.210140093395598e-08, 0.00012593316563509253
5.216811207471649e-08, 0.0001255473105989377
5.223482321547699e-08, 0.0001251626377612954
5.23015343562375e-08, 0.00012477914350107712
5.2368245496998e-08, 0.00012439682420826623
5.2434956637758514e-08, 0.00012401567628388387
5.250166777851902e-08, 0.00012363569613995658
5.256837891927953e-08, 0.0001232568801994819
5.263509006004003e-08, 0.00012287922489639624
5.270180120080054e-08, 0.00012250272667554084
5.2768512341561044e-08, 0.00012212738199262964
5.2835223482321555e-08, 0.00012175318731421577
5.290193462308206e-08, 0.00012138013911765917
5.296864576384257e-08, 0.00012100823389109356
5.3035356904603076e-08, 0.00012063746813339396
5.310206804536358e-08, 0.0001202678383541442
5.3168779186124085e-08, 0.0001198993410736045
5.3235490326884596e-08, 0.00011953197282267878
5.33022014676451e-08, 0.00011916573014288309
5.336891260840561e-08, 0.0001188006095863128
5.343562374916612e-08, 0.00011843660771561084
5.350233488992663e-08, 0.00011807372110393564
5.3569046030687126e-08, 0.00011771194633492938
5.363575717144764e-08, 0.00011735128000268599
5.370246831220814e-08, 0.00011699171871171959
5.3769179452968654e-08, 0.00011663325907693279
5.383589059372916e-08, 0.0001162758977235853
5.390260173448967e-08, 0.00011591963128726216
5.3969312875250174e-08, 0.00011556445641384305
5.403602401601068e-08, 0.00011521036975947018
5.4102735156771184e-08, 0.00011485736799051796
5.4169446297531695e-08, 0.00011450544778356125
5.42361574382922e-08, 0.00011415460582534484
5.430286857905271e-08, 0.00011380483881275231
5.4369579719813216e-08, 0.00011345614345277538
5.443629086057373e-08, 0.00011310851646248304
5.4503002001334225e-08, 0.000112761954568991
5.4569713142094736e-08, 0.00011241645450943125
5.463642428285524e-08, 0.00011207201303092143
5.470313542361575e-08, 0.00011172862689053445
5.476984656437626e-08, 0.00011138629285526858
5.483655770513677e-08, 0.00011104500770201675
5.4903268845897266e-08, 0.00011070476821753691
5.496997998665778e-08, 0.00011036557119842171
5.503669112741828e-08, 0.00011002741345106865
5.5103402268178793e-08, 0.00010969029179165037
5.51701134089393e-08, 0.00010935420304608487
5.523682454969981e-08, 0.0001090191440500057
5.5303535690460314e-08, 0.00010868511164873248
5.537024683122082e-08, 0.00010835210269724147
5.543695797198132e-08, 0.00010802011406013615
5.5503669112741835e-08, 0.00010768914261161778
5.557038025350234e-08, 0.00010735918523545637
5.563709139426285e-08, 0.00010703023882496143
5.5703802535023355e-08, 0.00010670230028295282
5.5770513675783866e-08, 0.00010637536652173204
5.5837224816544364e-08, 0.00010604943446305309
5.5903935957304876e-08, 0.00010572450103809378
5.597064709806538e-08, 0.00010540056318742707
5.603735823882589e-08, 0.00010507761786099228
5.6104069379586396e-08, 0.00010475566201806672
5.617078052034691e-08, 0.00010443469262723711
5.623749166110741e-08, 0.00010411470666637129
5.630420280186792e-08, 0.00010379570112258973
5.637091394262842e-08, 0.00010347767299223781
5.643762508338893e-08, 0.00010316061928085694
5.650433622414944e-08, 0.00010284453700315721
5.657104736490995e-08, 0.00010252942318298905
5.6637758505670454e-08, 0.00010221527485331548
5.6704469646430965e-08, 0.0001019020890561844
5.677118078719146e-08, 0.00010158986284270055
5.6837891927951974e-08, 0.00010127859327299832
5.690460306871248e-08, 0.00010096827741621392
5.697131420947299e-08, 0.00010065891235045785
5.7038025350233495e-08, 0.00010035049516278793
5.7104736490994006e-08, 0.00010004302294918149
5.7171447631754504e-08, 9.973649281450858e-05
5.7238158772515015e-08, 9.943090187250444e-05
5.730486991327552e-08, 9.912624724574272e-05
5.737158105403603e-08, 9.882252606560851e-05
5.7438292194796536e-08, 9.851973547227124e-05
5.750500333555705e-08, 9.821787261465806e-05
5.757171447631755e-08, 9.791693465042696e-05
5.7638425617078057e-08, 9.76169187459402e-05
5.770513675783856e-08, 9.731782207623786e-05
5.777184789859907e-08, 9.701964182501088e-05
5.783855903935958e-08, 9.672237518457533e-05
5.790527018012009e-08, 9.64260193558454e-05
5.797198132088059e-08, 9.613057154830771e-05
5.8038692461641105e-08, 9.583602897999463e-05
5.81054036024016e-08, 9.554238887745854e-05
5.8172114743162114e-08, 9.524964847574569e-05
5.823882588392262e-08, 9.495780501837018e-05
5.830553702468313e-08, 9.466685575728828e-05
5.8372248165443634e-08, 9.437679795287231e-05
5.8438959306204146e-08, 9.408762887388536e-05
5.8505670446964644e-08, 9.379934579745533e-05
5.8572381587725155e-08, 9.351194600904938e-05
5.863909272848566e-08, 9.32254268024488e-05
5.870580386924617e-08, 9.293978547972307e-05
5.8772515010006676e-08, 9.265501935120495e-05
5.883922615076719e-08, 9.237112573546509e-05
5.890593729152769e-08, 9.208810195928683e-05
5.8972648432288196e-08, 9.18059453576411e-05
5.90393595730487e-08, 9.152465327366155e-05
5.910607071380921e-08, 9.124422305861923e-05
5.917278185456972e-08, 9.096465207189819e-05
5.923949299533023e-08, 9.068593768097024e-05
5.930620413609073e-08, 9.04080772613707e-05
5.9372915276851244e-08, 9.013106819667317e-05
5.943962641761174e-08, 8.985490787846559e-05
5.9506337558372253e-08, 8.957959370632514e-05
5.957304869913276e-08, 8.930512308779426e-05
5.963975983989328e-08, 8.903149343835603e-05
5.970647098065377e-08, 8.875870218141014e-05
5.977318212141429e-08, 8.848674674824833e-05
5.983989326217478e-08, 8.821562457803065e-05
5.99066044029353e-08, 8.794533311776109e-05
5.99733155436958e-08, 8.767586982226383e-05
6.004002668445632e-08, 8.740723215415896e-05
6.010673782521682e-08, 8.713941758383927e-05
6.017344896597733e-08, 8.687242358944571e-05
6.024016010673782e-08, 8.66062476568444e-05
6.030687124749834e-08, 8.634088727960248e-05
6.037358238825885e-08, 8.60763399589648e-05
6.044029352901936e-08, 8.581260320383043e-05
6.050700466977986e-08, 8.554967453072922e-05
6.057371581054037e-08, 8.52875514637984e-05
6.064042695130087e-08, 8.502623153475938e-05
6.070713809206138e-08, 8.476571228289456e-05
6.077384923282189e-08, 8.450599125502417e-05
6.08405603735824e-08, 8.424706600548308e-05
6.09072715143429e-08, 8.398893409609817e-05
6.097398265510341e-08, 8.3731593096165e-05
6.104069379586391e-08, 8.347504058242515e-05
6.110740493662442e-08, 8.321927413904351e-05
6.117411607738493e-08, 8.296429135758547e-05
6.124082721814544e-08, 8.271008983699423e-05
6.130753835890594e-08, 8.245666718356833e-05
6.137424949966645e-08, 8.220402101093914e-05
6.144096064042695e-08, 8.195214894004829e-05
6.150767178118746e-08, 8.170104859912548e-05
6.157438292194797e-08, 8.145071762366607e-05
6.164109406270848e-08, 8.120115365640876e-05
6.170780520346898e-08, 8.095235434731383e-05
6.177451634422949e-08, 8.070431735354033e-05
6.184122748499e-08, 8.04570403394248e-05
6.19079386257505e-08, 8.021052097645882e-05
6.197464976651101e-08, 7.996475694326733e-05
6.204136090727152e-08, 7.97197459255866e-05
6.210807204803202e-08, 7.947548561624277e-05
6.217478318879253e-08, 7.923197371512981e-05
6.224149432955304e-08, 7.898920792918823e-05
6.230820547031356e-08, 7.874718597238307e-05
6.237491661107405e-08, 7.850590556568297e-05
6.244162775183456e-08, 7.826536443703822e-05
6.250833889259506e-08, 7.802556032135968e-05
6.257505003335557e-08, 7.778649096049736e-05
6.264176117411609e-08, 7.754815410321925e-05
6.27084723148766e-08, 7.731054750519e-05
6.27751834556371e-08, 7.707366892895007e-05
6.28418945963976e-08, 7.683751614389441e-05
6.29086057371581e-08, 7.660208692625165e-05
6.297531687791862e-08, 7.636737905906306e-05
6.304202801867913e-08, 7.613339033216187e-05
6.310873915943964e-08, 7.590011854215216e-05
6.317545030020014e-08, 7.566756149238861e-05
6.324216144096065e-08, 7.543571699295527e-05
6.330887258172115e-08, 7.520458286064557e-05
6.337558372248166e-08, 7.497415691894113e-05
6.344229486324217e-08, 7.474443699799184e-05
6.350900600400268e-08, 7.451542093459512e-05
6.357571714476318e-08, 7.428710657217569e-05
6.364242828552369e-08, 7.405949176076518e-05
6.370913942628419e-08, 7.383257435698213e-05
6.37758505670447e-08, 7.360635222401155e-05
6.384256170780521e-08, 7.338082323158494e-05
6.390927284856572e-08, 7.315598525596019e-05
6.397598398932622e-08, 7.293183617990185e-05
6.404269513008673e-08, 7.270837389266071e-05
6.410940627084724e-08, 7.248559628995445e-05
6.417611741160774e-08, 7.226350127394752e-05
6.424282855236825e-08, 7.204208675323151e-05
6.430953969312876e-08, 7.182135064280554e-05
6.437625083388926e-08, 7.16012908640564e-05
6.444296197464977e-08, 7.138190534473935e-05
6.450967311541028e-08, 7.116319201895816e-05
6.45763842561708e-08, 7.094514882714618e-05
6.464309539693129e-08, 7.072777371604661e-05
6.470980653769179e-08, 7.051106463869314e-05
6.477651767845231e-08, 7.029501955439103e-05
6.484322881921281e-08, 7.007963642869763e-05
6.490993995997332e-08, 6.986491323340319e-05
6.497665110073382e-08, 6.965084794651204e-05
6.504336224149435e-08, 6.943743855222316e-05
6.511007338225484e-08, 6.922468304091181e-05
6.517678452301534e-08, 6.901257940910993e-05
6.524349566377585e-08, 6.880112565948783e-05
6.531020680453636e-08, 6.859031980083491e-05
6.537691794529688e-08, 6.83801598480415e-05
6.544362908605737e-08, 6.817064382207965e-05
6.551034022681787e-08, 6.796176974998478e-05
6.55770513675784e-08, 6.775353566483696e-05
6.56437625083389e-08, 6.75459396057427e-05
6.57104736490994e-08, 6.733897961781598e-05
6.57771847898599e-08, 6.713265375216038e-05
6.584389593062043e-08, 6.69269600658503e-05
6.591060707138093e-08, 6.672189662191307e-05
6.597731821214142e-08, 6.651746148931038e-05
6.604402935290194e-08, 6.631365274292034e-05
6.611074049366245e-08, 6.611046846351916e-05
6.617745163442296e-08, 6.590790673776329e-05
6.624416277518346e-08, 6.570596565817127e-05
6.631087391594397e-08, 6.550464332310582e-05
6.637758505670448e-08, 6.530393783675584e-05
6.644429619746498e-08, 6.51038473091189e-05
6.651100733822549e-08, 6.490436985598292e-05
6.657771847898599e-08, 6.470550359890896e-05
6.664442961974651e-08, 6.450724666521309e-05
6.671114076050701e-08, 6.430959718794918e-05
6.677785190126752e-08, 6.411255330589103e-05
6.684456304202802e-08, 6.39161131635149e-05
6.691127418278853e-08, 6.372027491098206e-05
6.697798532354904e-08, 6.352503670412154e-05
6.704469646430954e-08, 6.333039670441257e-05
6.711140760507005e-08, 6.313635307896719e-05
6.717811874583056e-08, 6.294290400051329e-05
6.724482988659107e-08, 6.27500476473773e-05
6.731154102735157e-08, 6.255778220346684e-05
6.737825216811207e-08, 6.236610585825386e-05
6.744496330887259e-08, 6.217501680675749e-05
6.751167444963309e-08, 6.198451324952714e-05
6.75783855903936e-08, 6.17945933926255e-05
6.76450967311541e-08, 6.16052554476115e-05
6.771180787191463e-08, 6.141649763152373e-05
6.777851901267512e-08, 6.122831816686359e-05
6.784523015343562e-08, 6.104071528157846e-05
6.791194129419613e-08, 6.0853687209045035e-05
6.797865243495664e-08, 6.066723218805273e-05
6.804536357571716e-08, 6.0481348462787236e-05
6.811207471647765e-08, 6.029603428281365e-05
6.817878585723816e-08, 6.0111287903060334e-05
6.824549699799868e-08, 5.992710758380223e-05
6.831220813875917e-08, 5.974349159064478e-05
6.837891927951969e-08, 5.956043819450728e-05
6.84456304202802e-08, 5.9377945671606714e-05
6.851234156104071e-08, 5.9196012303441733e-05
6.85790527018012e-08, 5.901463637677608e-05
6.864576384256172e-08, 5.883381618362282e-05
6.871247498332223e-08, 5.8653550021228035e-05
6.877918612408273e-08, 5.8473836192054896e-05
6.884589726484324e-08, 5.829467300376774e-05
6.891260840560374e-08, 5.811605876921587e-05
6.897931954636426e-08, 5.7937991806417984e-05
6.904603068712476e-08, 5.7760470438546296e-05
6.911274182788527e-08, 5.7583492993910446e-05
6.917945296864577e-08, 5.740705780594216e-05
6.924616410940628e-08, 5.723116321317921e-05
6.931287525016679e-08, 5.705580755925015e-05
6.937958639092729e-08, 5.688098919285839e-05
6.94462975316878e-08, 5.670670646776672e-05
6.951300867244831e-08, 5.65329577427819e-05
6.957971981320882e-08, 5.635974138173927e-05
6.964643095396932e-08, 5.618705575348715e-05
6.971314209472982e-08, 5.601489923187152e-05
6.977985323549034e-08, 5.5843270195720846e-05
6.984656437625084e-08, 5.5672167028830774e-05
6.991327551701135e-08, 5.550158811994879e-05
6.997998665777185e-08, 5.533153186275917e-05
7.004669779853237e-08, 5.5161996655867735e-05
7.011340893929287e-08, 5.499298090278703e-05
7.018012008005337e-08, 5.482448301192105e-05
7.024683122081388e-08, 5.46565013965502e-05
7.031354236157439e-08, 5.44890344748166e-05
7.03802535023349e-08, 5.432208066970912e-05
7.04469646430954e-08, 5.4155638409048396e-05
7.05136757838559e-08, 5.398970612547209e-05
7.058038692461643e-08, 5.3824282256420187e-05
7.064709806537692e-08, 5.365936524412038e-05
7.071380920613743e-08, 5.3494953535573044e-05
7.078052034689793e-08, 5.333104558253702e-05
7.084723148765846e-08, 5.3167639841514726e-05
7.091394262841896e-08, 5.3004734773737943e-05
7.098065376917945e-08, 5.284232884515298e-05
7.104736490993996e-08, 5.2680420526406446e-05
7.111407605070048e-08, 5.251900829283077e-05
7.118078719146099e-08, 5.2358090624429973e-05
7.124749833222149e-08, 5.219766600586514e-05
7.1314209472982e-08, 5.203773292644031e-05
7.138092061374251e-08, 5.18782898800882e-05
7.1447631754503e-08, 5.171933536535612e-05
7.151434289526352e-08, 5.1560867885391586e-05
7.158105403602401e-08, 5.14028859479285e-05
7.164776517678454e-08, 5.124538806527293e-05
7.171447631754504e-08, 5.108837275428925e-05
7.178118745830555e-08, 5.093183853638601e-05
7.184789859906605e-08, 5.0775783937502066e-05
7.191460973982656e-08, 5.062020748809276e-05
7.198132088058707e-08, 5.046510772311611e-05
7.204803202134757e-08, 5.031048318201882e-05
7.211474316210808e-08, 5.015633240872275e-05
7.218145430286859e-08, 5.000265395161105e-05
7.22481654436291e-08, 4.984944636351466e-05
7.23148765843896e-08, 4.969670820169847e-05
7.23815877251501e-08, 4.95444380278479e-05
7.244829886591062e-08, 4.9392634408055214e-05
7.251501000667112e-08, 4.924129591280624e-05
7.258172114743163e-08, 4.9090421116966737e-05
7.264843228819213e-08, 4.8940008599768916e-05
7.271514342895265e-08, 4.879005694479823e-05
7.278185456971315e-08, 4.8640564739980036e-05
7.284856571047365e-08, 4.849153057756607e-05
7.291527685123416e-08, 4.834295305412152e-05
7.298198799199467e-08, 4.819483077051146e-05
7.304869913275518e-08, 4.8047162331888006e-05
7.311541027351568e-08, 4.7899946347677e-05
7.318212141427618e-08, 4.775318143156491e-05
7.32488325550367e-08, 4.760686620148577e-05
7.33155436957972e-08, 4.746099927960837e-05
7.338225483655771e-08, 4.731557929232298e-05
7.344896597731821e-08, 4.717060487022859e-05
7.351567711807874e-08, 4.7026074648119995e-05
7.358238825883923e-08, 4.688198726497497e-05
7.364909939959973e-08, 4.673834136394135e-05
7.371581054036024e-08, 4.659513559232436e-05
7.378252168112076e-08, 4.645236860157375e-05
7.384923282188127e-08, 4.631003904727131e-05
7.391594396264176e-08, 4.6168145589118e-05
7.398265510340228e-08, 4.6026686890921423e-05
7.404936624416279e-08, 4.5885661620583215e-05
7.411607738492328e-08, 4.574506845008656e-05
7.41827885256838e-08, 4.560490605548363e-05
7.42494996664443e-08, 4.5465173116883085e-05
7.431621080720482e-08, 4.532586831843772e-05
7.438292194796532e-08, 4.518699034833208e-05
7.444963308872583e-08, 4.504853789877001e-05
7.451634422948633e-08, 4.491050966596247e-05
7.458305537024684e-08, 4.4772904350115055e-05
7.464976651100735e-08, 4.463572065541609e-05
7.471647765176785e-08, 4.449895729002408e-05
7.478318879252836e-08, 4.4362612966055734e-05
7.484989993328887e-08, 4.4226686399573776e-05
7.491661107404938e-08, 4.409117631057493e-05
7.498332221480988e-08, 4.395608142297783e-05
7.505003335557038e-08, 4.382140046461083e-05
7.51167444963309e-08, 4.3687132167200344e-05
7.51834556370914e-08, 4.355327526635875e-05
7.525016677785191e-08, 4.3419828501572325e-05
7.531687791861241e-08, 4.3286790616189675e-05
7.538358905937293e-08, 4.315416035740964e-05
7.545030020013343e-08, 4.30219364762697e-05
7.551701134089393e-08, 4.289011772763409e-05
7.558372248165444e-08, 4.275870287018207e-05
7.565043362241495e-08, 4.262769066639631e-05
7.571714476317546e-08, 4.2497079882551234e-05
7.578385590393596e-08, 4.236686928870131e-05
7.585056704469647e-08, 4.223705765866956e-05
7.591727818545698e-08, 4.2107643770035946e-05
7.598398932621748e-08, 4.1978626404125974e-05
7.605070046697799e-08, 4.185000434599906e-05
7.611741160773849e-08, 4.172177638443721e-05
7.618412274849902e-08, 4.159394131193352e-05
7.625083388925951e-08, 4.146649792468094e-05
7.631754503002002e-08, 4.133944502256082e-05
7.638425617078052e-08, 4.1212781409131605e-05
7.645096731154103e-08, 4.108650589161764e-05
7.651767845230155e-08, 4.0960617280897974e-05
7.658438959306204e-08, 4.083511439149498e-05
7.665110073382255e-08, 4.0709996041563375e-05
7.671781187458307e-08, 4.058526105287899e-05
7.678452301534358e-08, 4.0460908250827794e-05
7.685123415610408e-08, 4.033693646439462e-05
7.691794529686457e-08, 4.0213344526152354e-05
7.69846564376251e-08, 4.009013127225081e-05
7.70513675783856e-08, 3.9967295542405854e-05
7.711807871914611e-08, 3.984483617988844e-05
7.71847898599066e-08, 3.9722752031513624e-05
7.725150100066713e-08, 3.96010419476299e-05
7.731821214142763e-08, 3.947970478210828e-05
7.738492328218813e-08, 3.9358739392331377e-05
7.745163442294864e-08, 3.923814463918287e-05
7.751834556370915e-08, 3.9117919387036613e-05
7.758505670446966e-08, 3.899806250374604e-05
7.765176784523016e-08, 3.887857286063341e-05
7.771847898599066e-08, 3.875944933247927e-05
7.778519012675118e-08, 3.864069079751173e-05
7.785190126751168e-08, 3.8522296137396135e-05
7.791861240827219e-08, 3.840426423722429e-05
7.798532354903269e-08, 3.828659398550403e-05
7.805203468979321e-08, 3.816928427414885e-05
7.811874583055371e-08, 3.805233399846742e-05
7.818545697131421e-08, 3.793574205715305e-05
7.825216811207472e-08, 3.781950735227356e-05
7.831887925283523e-08, 3.7703628789260685e-05
7.838559039359574e-08, 3.758810527690003e-05
7.845230153435624e-08, 3.7472935727320596e-05
7.851901267511675e-08, 3.73581190559846e-05
7.858572381587726e-08, 3.7243654181677235e-05
7.865243495663776e-08, 3.71295400264966e-05
7.871914609739827e-08, 3.701577551584341e-05
7.878585723815877e-08, 3.69023595784109e-05
7.88525683789193e-08, 3.678929114617484e-05
7.891927951967979e-08, 3.667656915438338e-05
7.89859906604403e-08, 3.656419254154707e-05
7.90527018012008e-08, 3.64521602494288e-05
7.911941294196131e-08, 3.634047122303388e-05
7.918612408272182e-08, 3.622912441060019e-05
7.925283522348232e-08, 3.61181187635881e-05
7.931954636424283e-08, 3.600745323667075e-05
7.938625750500335e-08, 3.589712678772408e-05
7.945296864576386e-08, 3.578713837781714e-05
7.951967978652435e-08, 3.5677486971202245e-05
7.958639092728485e-08, 3.556817153530516e-05
7.965310206804538e-08, 3.545919104071549e-05
7.971981320880588e-08, 3.535054446117699e-05
7.978652434956639e-08, 3.524223077357773e-05
7.985323549032688e-08, 3.5134248957940674e-05
7.991994663108741e-08, 3.5026597997413895e-05
7.998665777184791e-08, 3.49192768782612e-05
8.00533689126084e-08, 3.481228458985237e-05
8.012008005336892e-08, 3.470562012465375e-05
8.018679119412943e-08, 3.4599282478218786e-05
8.025350233488994e-08, 3.449327064917856e-05
8.032021347565044e-08, 3.4387583639232275e-05
8.038692461641095e-08, 3.428222045313793e-05
8.045363575717146e-08, 3.417718009870291e-05
8.052034689793196e-08, 3.407246158677474e-05
8.058705803869247e-08, 3.3968063931231596e-05
8.065376917945297e-08, 3.386398614897318e-05
8.072048032021349e-08, 3.3760227259911345e-05
8.078719146097399e-08, 3.3656786286961015e-05
8.08539026017345e-08, 3.355366225603079e-05
8.0920613742495e-08, 3.3450854196013916e-05
8.098732488325551e-08, 3.3348361138779065e-05
8.105403602401602e-08, 3.3246182119161304e-05
8.112074716477652e-08, 3.3144316174952945e-05
8.118745830553703e-08, 3.304276234689441e-05
8.125416944629754e-08, 3.294151967866536e-05
8.132088058705805e-08, 3.28405872168756e-05
8.138759172781855e-08, 3.273996401105607e-05
8.145430286857905e-08, 3.263964911364998e-05
8.152101400933957e-08, 3.253964158000377e-05
8.158772515010007e-08, 3.243994046835838e-05
8.165443629086058e-08, 3.2340544839840235e-05
8.172114743162108e-08, 3.2241453758452435e-05
8.17878585723816e-08, 3.214266629106598e-05
8.18545697131421e-08, 3.204418150741101e-05
8.19212808539026e-08, 3.1945998480067934e-05
8.198799199466311e-08, 3.1848116284458785e-05
8.205470313542362e-08, 3.175053399883848e-05
8.212141427618414e-08, 3.165325070428621e-05
8.218812541694463e-08, 3.1556265484696646e-05
8.225483655770513e-08, 3.145957742677145e-05
8.232154769846566e-08, 3.136318562001054e-05
8.238825883922615e-08, 3.1267089156703705e-05
8.245496997998667e-08, 3.117128713192189e-05
8.252168112074716e-08, 3.1075778643508695e-05
8.258839226150769e-08, 3.098056279207197e-05
8.265510340226819e-08, 3.088563868097528e-05
8.272181454302868e-08, 3.079100541632945e-05
8.27885256837892e-08, 3.06966621069842e-05
8.285523682454971e-08, 3.060260786451968e-05
8.292194796531022e-08, 3.0508841803238217e-05
8.298865910607072e-08, 3.0415363040155822e-05
8.305537024683123e-08, 3.0322170694994023e-05
8.312208138759174e-08, 3.022926389017144e-05
8.318879252835224e-08, 3.013664175079568e-05
8.325550366911275e-08, 3.0044303404654955e-05
8.332221480987325e-08, 2.995224798220992e-05
8.338892595063377e-08, 2.986047461658547e-05
8.345563709139427e-08, 2.9768982443562687e-05
8.352234823215478e-08, 2.96777706015705e-05
8.358905937291528e-08, 2.9586838231677745e-05
8.365577051367579e-08, 2.949618447758496e-05
8.37224816544363e-08, 2.9405808485616444e-05
8.37891927951968e-08, 2.9315709404712094e-05
8.385590393595731e-08, 2.9225886386419472e-05
8.392261507671782e-08, 2.9136338584885742e-05
8.398932621747833e-08, 2.9047065156849813e-05
8.405603735823883e-08, 2.8958065261634326e-05
8.412274849899933e-08, 2.8869338061137685e-05
8.418945963975985e-08, 2.8780882719826276e-05
8.425617078052035e-08, 2.8692698404726588e-05
8.432288192128086e-08, 2.8604784285417235e-05
8.438959306204136e-08, 2.8517139534021325e-05
8.445630420280189e-08, 2.8429763325198468e-05
8.452301534356238e-08, 2.8342654836137217e-05
8.458972648432288e-08, 2.825581324654716e-05
8.465643762508339e-08, 2.816923773865124e-05
8.47231487658439e-08, 2.808292749717802e-05
8.478985990660442e-08, 2.7996881709354146e-05
8.485657104736491e-08, 2.791109956489653e-05
8.492328218812541e-08, 2.7825580256004746e-05
8.498999332888594e-08, 2.7740322977353516e-05
8.505670446964643e-08, 2.765532692608507e-05
8.512341561040695e-08, 2.7570591301801544e-05
8.519012675116744e-08, 2.7486115306557512e-05
8.525683789192797e-08, 2.7401898144852433e-05
8.532354903268847e-08, 2.731793902362317e-05
8.539026017344896e-08, 2.7234237152236553e-05
8.545697131420949e-08, 2.7150791742481827e-05
8.552368245496999e-08, 2.7067602008563385e-05
8.55903935957305e-08, 2.698466716709326e-05
8.5657104736491e-08, 2.690198643708377e-05
8.572381587725152e-08, 2.681955903994015e-05
8.579052701801202e-08, 2.673738419945329e-05
8.585723815877252e-08, 2.665546114179236e-05
8.592394929953303e-08, 2.6573789095497486e-05
8.599066044029354e-08, 2.6492367291472593e-05
8.605737158105405e-08, 2.6411194962978126e-05
8.612408272181455e-08, 2.6330271345623735e-05
8.619079386257506e-08, 2.6249595677361236e-05
8.625750500333557e-08, 2.6169167198477265e-05
8.632421614409607e-08, 2.6088985151586303e-05
8.639092728485658e-08, 2.6009048781623385e-05
8.645763842561708e-08, 2.592935733583709e-05
8.65243495663776e-08, 2.5849910063782386e-05
8.65910607071381e-08, 2.5770706217313638e-05
8.665777184789861e-08, 2.5691745050577503e-05
8.672448298865911e-08, 2.5613025820005886e-05
8.679119412941962e-08, 2.5534547784309025e-05
8.685790527018013e-08, 2.545631020446848e-05
8.692461641094063e-08, 2.537831234373008e-05
8.699132755170114e-08, 2.5300553467597116e-05
8.705803869246165e-08, 2.5223032843823343e-05
8.712474983322216e-08, 2.5145749742406146e-05
8.719146097398266e-08, 2.5068703435579576e-05
8.725817211474316e-08, 2.49918931978076e-05
8.732488325550369e-08, 2.4915318305777187e-05
8.739159439626418e-08, 2.4838978038391552e-05
8.74583055370247e-08, 2.4762871676763313e-05
8.752501667778519e-08, 2.4686998504207794e-05
8.759172781854572e-08, 2.4611357806236163e-05
8.765843895930622e-08, 2.4535948870548857e-05
8.772515010006671e-08, 2.446077098702875e-05
8.779186124082722e-08, 2.438582344773449e-05
8.785857238158774e-08, 2.431110554689384e-05
8.792528352234825e-08, 2.4236616580897138e-05
8.799199466310875e-08, 2.4162355848290467e-05
8.805870580386926e-08, 2.408832264976917e-05
8.812541694462977e-08, 2.401451628817131e-05
8.819212808539027e-08, 2.3940936068470997e-05
8.825883922615078e-08, 2.3867581297771918e-05
8.832555036691128e-08, 2.3794451285300764e-05
8.83922615076718e-08, 2.3721545342400763e-05
8.84589726484323e-08, 2.3648862782525184e-05
8.852568378919281e-08, 2.3576402921230847e-05
8.859239492995331e-08, 2.3504165076171717e-05
8.865910607071382e-08, 2.343214856709245e-05
8.872581721147433e-08, 2.3360352715822007e-05
8.879252835223483e-08, 2.328877684626724e-05
8.885923949299534e-08, 2.3217420284406583e-05
8.892595063375585e-08, 2.314628235828356e-05
8.899266177451636e-08, 2.3075362398000713e-05
8.905937291527686e-08, 2.3004659735713036e-05
8.912608405603736e-08, 2.2934173705621855e-05
8.919279519679788e-08, 2.2863903643968383e-05
8.925950633755838e-08, 2.2793848889027743e-05
8.932621747831889e-08, 2.2724008781102477e-05
8.939292861907939e-08, 2.2654382662516427e-05
8.945963975983991e-08, 2.258496987760856e-05
8.952635090060041e-08, 2.251576977272686e-05
8.959306204136091e-08, 2.2446781696221965e-05
8.965977318212142e-08, 2.237800499844123e-05
8.972648432288193e-08, 2.2309439031722553e-05
8.979319546364244e-08, 2.2241083150388202e-05
8.985990660440294e-08, 2.217293671073887e-05
8.992661774516344e-08, 2.2104999071047457e-05
8.999332888592396e-08, 2.2037269591553175e-05
9.006004002668446e-08, 2.1969747634455415e-05
9.012675116744497e-08, 2.1902432563907814e-05
9.019346230820547e-08, 2.1835323746012193e-05
9.0260173448966e-08, 2.176842054881267e-05
9.03268845897265e-08, 2.170172234228966e-05
9.039359573048699e-08, 2.1635228498353914e-05
9.04603068712475e-08, 2.156893839084072e-05
9.052701801200802e-08, 2.150285139550381e-05
9.059372915276853e-08, 2.1436966890009727e-05
9.066044029352902e-08, 2.1371284253931776e-05
9.072715143428954e-08, 2.130580286874421e-05
9.079386257505005e-08, 2.1240522117816477e-05
9.086057371581055e-08, 2.1175441386407397e-05
9.092728485657106e-08, 2.111056006165934e-05
9.099399599733155e-08, 2.1045877532592398e-05
9.106070713809208e-08, 2.0981393190098754e-05
9.112741827885258e-08, 2.0917106426936938e-05
9.119412941961309e-08, 2.0853016637725955e-05
9.126084056037359e-08, 2.0789123218939772e-05
9.13275517011341e-08, 2.0725425568901515e-05
9.139426284189461e-08, 2.0661923087777854e-05
9.146097398265511e-08, 2.0598615177573346e-05
9.152768512341562e-08, 2.0535501242124788e-05
9.159439626417613e-08, 2.0472580687095617e-05
9.166110740493664e-08, 2.0409852919970325e-05
9.172781854569714e-08, 2.034731735004884e-05
9.179452968645764e-08, 2.0284973388441015e-05
9.186124082721816e-08, 2.0222820448061036e-05
9.192795196797866e-08, 2.016085794362192e-05
9.199466310873917e-08, 2.009908529163e-05
9.206137424949967e-08, 2.0037501910379447e-05
9.21280853902602e-08, 1.9976107219946686e-05
9.219479653102069e-08, 1.9914900642185145e-05
9.226150767178119e-08, 1.985388160071963e-05
9.23282188125417e-08, 1.9793049520940908e-05
9.239492995330221e-08, 1.9732403830000398e-05
9.246164109406272e-08, 1.967194395680475e-05
9.252835223482322e-08, 1.9611669332010348e-05
9.259506337558372e-08, 1.9551579388018102e-05
9.266177451634424e-08, 1.9491673558968017e-05
9.272848565710474e-08, 1.9431951280733938e-05
9.279519679786525e-08, 1.937241199091809e-05
9.286190793862575e-08, 1.9313055128845956e-05
9.292861907938628e-08, 1.925388013556088e-05
9.299533022014677e-08, 1.919488645381888e-05
9.306204136090727e-08, 1.913607352808333e-05
9.312875250166778e-08, 1.9077440804519765e-05
9.31954636424283e-08, 1.9018987730990687e-05
9.32621747831888e-08, 1.8960713757050308e-05
9.33288859239493e-08, 1.890261833393944e-05
9.339559706470982e-08, 1.8844700914580263e-05
9.346230820547033e-08, 1.878696095357116e-05
9.352901934623082e-08, 1.8729397907181708e-05
9.359573048699134e-08, 1.8672011233347392e-05
9.366244162775183e-08, 1.861480039166463e-05
9.372915276851236e-08, 1.855776484338554e-05
9.379586390927286e-08, 1.8500904051413086e-05
9.386257505003337e-08, 1.8444217480295818e-05
9.392928619079387e-08, 1.838770459622288e-05
9.399599733155439e-08, 1.8331364867019042e-05
9.406270847231489e-08, 1.82751977621397e-05
9.412941961307539e-08, 1.8219202752665724e-05
9.41961307538359e-08, 1.8163379311298674e-05
9.426284189459641e-08, 1.8107726912355702e-05
9.432955303535692e-08, 1.805224503176468e-05
9.439626417611742e-08, 1.7996933147059208e-05
9.446297531687792e-08, 1.7941790737373718e-05
9.452968645763844e-08, 1.7886817283438576e-05
9.459639759839894e-08, 1.7832012267575178e-05
9.466310873915945e-08, 1.7777375173691097e-05
9.472981987991995e-08, 1.772290548727519e-05
9.479653102068047e-08, 1.7668602695392763e-05
9.486324216144097e-08, 1.761446628668079e-05
9.492995330220147e-08, 1.7560495751343004e-05
9.499666444296198e-08, 1.7506690581145204e-05
9.506337558372249e-08, 1.745305026941032e-05
9.5130086724483e-08, 1.739957431101385e-05
9.51967978652435e-08, 1.7346262202378936e-05
9.526350900600401e-08, 1.7293113441471642e-05
9.533022014676452e-08, 1.7240127527796287e-05
9.539693128752502e-08, 1.7187303962390726e-05
9.546364242828553e-08, 1.7134642247821625e-05
9.553035356904603e-08, 1.7082141888179727e-05
9.559706470980656e-08, 1.7029802389075267e-05
9.566377585056705e-08, 1.6977623257633336e-05
9.573048699132756e-08, 1.6925604002489095e-05
9.579719813208806e-08, 1.687374413378331e-05
9.586390927284857e-08, 1.6822043163157645e-05
9.593062041360909e-08, 1.6770500603750094e-05
9.599733155436958e-08, 1.6719115970190387e-05
9.60640426951301e-08, 1.6667888778595423e-05
9.61307538358906e-08, 1.6616818546564722e-05
9.619746497665112e-08, 1.6565904793175873e-05
9.626417611741162e-08, 1.6515147038979988e-05
9.633088725817211e-08, 1.646454480599723e-05
9.639759839893264e-08, 1.6414097617712266e-05
9.646430953969314e-08, 1.636380499906982e-05
9.653102068045365e-08, 1.631366647647016e-05
9.659773182121414e-08, 1.626368157776469e-05
9.666444296197467e-08, 1.621384983225141e-05
9.673115410273517e-08, 1.6164170770670625e-05
9.679786524349567e-08, 1.6114643925200408e-05
9.686457638425618e-08, 1.606526882945221e-05
9.693128752501669e-08, 1.6016045018466508e-05
9.69979986657772e-08, 1.5966972028708472e-05
9.70647098065377e-08, 1.5918049398063435e-05
9.71314209472982e-08, 1.5869276665832703e-05
9.719813208805872e-08, 1.582065337272913e-05
9.726484322881922e-08, 1.5772179060872894e-05
9.733155436957973e-08, 1.5723853273787e-05
9.739826551034023e-08, 1.567567555639317e-05
9.746497665110075e-08, 1.562764545500746e-05
9.753168779186125e-08, 1.557976251733601e-05
9.759839893262175e-08, 1.5532026292470784e-05
9.766511007338226e-08, 1.5484436330885315e-05
9.773182121414277e-08, 1.543699218443049e-05
9.779853235490328e-08, 1.5389693406330324e-05
9.786524349566378e-08, 1.5342539551177733e-05
9.793195463642429e-08, 1.529553017493037e-05
9.79986657771848e-08, 1.5248664834906422e-05
9.80653769179453e-08, 1.5201943089780453e-05
9.813208805870581e-08, 1.5155364499579237e-05
9.819879919946631e-08, 1.5108928625677636e-05
9.826551034022683e-08, 1.5062635030794402e-05
9.833222148098733e-08, 1.5016483278988198e-05
9.839893262174784e-08, 1.4970472935653363e-05
9.846564376250834e-08, 1.4924603567515828e-05
9.853235490326885e-08, 1.4878874742629114e-05
9.859906604402936e-08, 1.4833286030370242e-05
9.866577718478986e-08, 1.478783700143559e-05
9.873248832555037e-08, 1.4742527227836974e-05
9.879919946631089e-08, 1.4697356282897534e-05
9.88659106070714e-08, 1.4652323741247763e-05
9.89326217478319e-08, 1.4607429178821463e-05
9.899933288859239e-08, 1.4562672172851773e-05
9.906604402935292e-08, 1.4518052301867199e-05
9.913275517011341e-08, 1.4473569145687615e-05
9.919946631087393e-08, 1.4429222285420326e-05
9.926617745163442e-08, 1.4385011303456132e-05
9.933288859239495e-08, 1.4340935783465367e-05
9.939959973315545e-08, 1.4296995310394004e-05
9.946631087391594e-08, 1.425318947045973e-05
9.953302201467646e-08, 1.4209517851148079e-05
9.959973315543697e-08, 1.4165980041208466e-05
9.966644429619748e-08, 1.4122575630650455e-05
9.973315543695798e-08, 1.4079304210739758e-05
9.979986657771849e-08, 1.4036165373994476e-05
9.9866577718479e-08, 1.3993158714181185e-05
9.99332888592395e-08, 1.3950283826311212e-05
1.0000000000000001e-07, 1.390754030663675e-05
